3.620000000000000000e+02,0.000000000000000000e+00,0.000000000000000000e+00,0.000000000000000000e+00,0.000000000000000000e+00,0.000000000000000000e+00,0.000000000000000000e+00,0.000000000000000000e+00,0.000000000000000000e+00,0.000000000000000000e+00,0.000000000000000000e+00,6.679982542991638184e-01,1.270429840087890625e+02,0.000000000000000000e+00,0.000000000000000000e+00,8.420679092407226562e+00,1.366396942138671875e+02,0.000000000000000000e+00,0.000000000000000000e+00,2.257329940795898438e+01,1.431600494384765625e+02,0.000000000000000000e+00,0.000000000000000000e+00,3.644871950149536133e+00,1.587622070312500000e+02,2.707113265991210938e+00,1.600688629150390625e+02,9.311330914497375488e-01,1.835242919921875000e+02,1.584418201446533203e+01,1.801963195800781250e+02,1.148874521255493164e+00,2.022416839599609375e+02,3.222944259643554688e+01,2.003607482910156250e+02
3.630000000000000000e+02,0.000000000000000000e+00,0.000000000000000000e+00,0.000000000000000000e+00,0.000000000000000000e+00,0.000000000000000000e+00,0.000000000000000000e+00,0.000000000000000000e+00,0.000000000000000000e+00,0.000000000000000000e+00,0.000000000000000000e+00,3.809410333633422852e+00,1.270558166503906250e+02,0.000000000000000000e+00,0.000000000000000000e+00,1.331135082244873047e+01,1.366411132812500000e+02,0.000000000000000000e+00,0.000000000000000000e+00,2.809062194824218750e+01,1.415585937500000000e+02,0.000000000000000000e+00,0.000000000000000000e+00,8.503561973571777344e+00,1.583960723876953125e+02,6.304185390472412109e+00,1.591172485351562500e+02,4.406999111175537109e+00,1.822760467529296875e+02,1.879397010803222656e+01,1.797579803466796875e+02,1.254948616027832031e+00,2.023493041992187500e+02,3.707500076293945312e+01,1.999687805175781250e+02
3.640000000000000000e+02,0.000000000000000000e+00,0.000000000000000000e+00,0.000000000000000000e+00,0.000000000000000000e+00,0.000000000000000000e+00,0.000000000000000000e+00,0.000000000000000000e+00,0.000000000000000000e+00,5.203396320343017578e+00,1.202922515869140625e+02,9.325327873229980469e+00,1.287874908447265625e+02,1.617255210876464844e+00,1.308896179199218750e+02,1.972063064575195312e+01,1.374149932861328125e+02,5.697044849395751953e+00,1.450908050537109375e+02,3.204475784301757812e+01,1.410168457031250000e+02,8.729247093200683594e+00,1.329888763427734375e+02,1.477029705047607422e+01,1.587905120849609375e+02,1.095622825622558594e+01,1.603810882568359375e+02,7.877440452575683594e+00,1.823722229003906250e+02,2.366142845153808594e+01,1.796705627441406250e+02,1.204621315002441406e+00,2.001308441162109375e+02,3.798388290405273438e+01,2.000336914062500000e+02
3.650000000000000000e+02,1.556061458587646484e+01,1.235121765136718750e+02,0.000000000000000000e+00,0.000000000000000000e+00,1.443625068664550781e+01,1.210131607055664062e+02,0.000000000000000000e+00,0.000000000000000000e+00,9.550598144531250000e+00,1.211734466552734375e+02,1.294368934631347656e+01,1.290780181884765625e+02,2.562142133712768555e+00,1.310333251953125000e+02,2.229848480224609375e+01,1.376470336914062500e+02,9.089985847473144531e+00,1.454340820312500000e+02,3.571477508544921875e+01,1.416548004150390625e+02,1.274479293823242188e+01,1.324209136962890625e+02,1.972599601745605469e+01,1.590147399902343750e+02,1.512149333953857422e+01,1.608092803955078125e+02,1.331180286407470703e+01,1.815081176757812500e+02,2.881794357299804688e+01,1.801312255859375000e+02,3.981215715408325195e+00,1.984749450683593750e+02,4.045721817016601562e+01,2.008501434326171875e+02
3.660000000000000000e+02,2.023402786254882812e+01,1.231885375976562500e+02,0.000000000000000000e+00,0.000000000000000000e+00,1.873516464233398438e+01,1.210663757324218750e+02,0.000000000000000000e+00,0.000000000000000000e+00,1.375229644775390625e+01,1.199520950317382812e+02,1.505290031433105469e+01,1.274922561645507812e+02,6.080239295959472656e+00,1.297592926025390625e+02,2.510620689392089844e+01,1.370088653564453125e+02,1.376416110992431641e+01,1.441259307861328125e+02,3.857828140258789062e+01,1.422359313964843750e+02,1.700282669067382812e+01,1.318766632080078125e+02,2.440043067932128906e+01,1.573322448730468750e+02,1.800999069213867188e+01,1.592966766357421875e+02,2.251480865478515625e+01,1.801652832031250000e+02,3.135347366333007812e+01,1.790179443359375000e+02,8.204479217529296875e+00,1.949377136230468750e+02,4.086880111694335938e+01,2.013148193359375000e+02
3.670000000000000000e+02,2.375483131408691406e+01,1.229039459228515625e+02,0.000000000000000000e+00,0.000000000000000000e+00,2.222079086303710938e+01,1.205465698242187500e+02,0.000000000000000000e+00,0.000000000000000000e+00,1.693964004516601562e+01,1.194262619018554688e+02,1.927449035644531250e+01,1.278415679931640625e+02,1.031912040710449219e+01,1.295563659667968750e+02,2.774563026428222656e+01,1.375887756347656250e+02,1.695905494689941406e+01,1.425515136718750000e+02,4.043330764770507812e+01,1.434493103027343750e+02,2.034434890747070312e+01,1.310948944091796875e+02,2.838942146301269531e+01,1.569082489013671875e+02,2.162255668640136719e+01,1.590935821533203125e+02,2.951912307739257812e+01,1.786862640380859375e+02,3.504209899902343750e+01,1.783504028320312500e+02,1.389379882812500000e+01,1.919854736328125000e+02,4.133176040649414062e+01,2.011146087646484375e+02
3.680000000000000000e+02,2.758572196960449219e+01,1.222612762451171875e+02,0.000000000000000000e+00,0.000000000000000000e+00,2.656521797180175781e+01,1.199218521118164062e+02,0.000000000000000000e+00,0.000000000000000000e+00,2.052402877807617188e+01,1.184381637573242188e+02,2.207403564453125000e+01,1.266176376342773438e+02,1.356493663787841797e+01,1.282394714355468750e+02,2.868517684936523438e+01,1.383329925537109375e+02,2.196334648132324219e+01,1.426976928710937500e+02,4.087799835205078125e+01,1.446757354736328125e+02,2.442060852050781250e+01,1.299757080078125000e+02,3.186711502075195312e+01,1.550767669677734375e+02,2.495952606201171875e+01,1.578861083984375000e+02,3.763218307495117188e+01,1.753057250976562500e+02,3.626889801025390625e+01,1.778447418212890625e+02,2.057826232910156250e+01,1.894958953857421875e+02,4.077821350097656250e+01,2.006306152343750000e+02
3.690000000000000000e+02,3.111939811706542969e+01,1.204964370727539062e+02,0.000000000000000000e+00,0.000000000000000000e+00,3.032447433471679688e+01,1.180243988037109375e+02,0.000000000000000000e+00,0.000000000000000000e+00,2.481515502929687500e+01,1.168686370849609375e+02,2.398755264282226562e+01,1.257060394287109375e+02,1.776955413818359375e+01,1.269768371582031250e+02,3.030466461181640625e+01,1.384869079589843750e+02,2.479001045227050781e+01,1.405941772460937500e+02,3.972238159179687500e+01,1.448567199707031250e+02,2.836813926696777344e+01,1.288847808837890625e+02,3.499037170410156250e+01,1.524584503173828125e+02,2.826157760620117188e+01,1.562153930664062500e+02,4.370081710815429688e+01,1.726658935546875000e+02,3.709963607788085938e+01,1.778177642822265625e+02,3.220411682128906250e+01,1.909321746826171875e+02,4.079416275024414062e+01,2.006134033203125000e+02
3.700000000000000000e+02,3.529618453979492188e+01,1.187180709838867188e+02,0.000000000000000000e+00,0.000000000000000000e+00,3.387451171875000000e+01,1.160300903320312500e+02,0.000000000000000000e+00,0.000000000000000000e+00,2.863491058349609375e+01,1.153457031250000000e+02,2.738084793090820312e+01,1.247845306396484375e+02,2.161445999145507812e+01,1.260504531860351562e+02,0.000000000000000000e+00,0.000000000000000000e+00,2.886000442504882812e+01,1.401520233154296875e+02,0.000000000000000000e+00,0.000000000000000000e+00,3.204316329956054688e+01,1.277619323730468750e+02,3.903899002075195312e+01,1.516532440185546875e+02,3.185509109497070312e+01,1.557705841064453125e+02,4.746321487426757812e+01,1.707819061279296875e+02,3.938867568969726562e+01,1.773139648437500000e+02,3.725267028808593750e+01,1.915609130859375000e+02,4.176554870605468750e+01,1.997655792236328125e+02
3.710000000000000000e+02,3.874719238281250000e+01,1.181358718872070312e+02,0.000000000000000000e+00,0.000000000000000000e+00,3.749996566772460938e+01,1.159716949462890625e+02,0.000000000000000000e+00,0.000000000000000000e+00,3.199496841430664062e+01,1.147035217285156250e+02,3.172237396240234375e+01,1.237427444458007812e+02,2.563560295104980469e+01,1.254196624755859375e+02,0.000000000000000000e+00,0.000000000000000000e+00,3.375569534301757812e+01,1.395168457031250000e+02,0.000000000000000000e+00,0.000000000000000000e+00,3.551280593872070312e+01,1.267212905883789062e+02,4.250621414184570312e+01,1.518245544433593750e+02,3.505397796630859375e+01,1.550780181884765625e+02,5.271414566040039062e+01,1.698234100341796875e+02,3.991484451293945312e+01,1.780827484130859375e+02,4.899820327758789062e+01,1.920230255126953125e+02,4.120473480224609375e+01,2.001264190673828125e+02
3.720000000000000000e+02,4.338360214233398438e+01,1.169009704589843750e+02,0.000000000000000000e+00,0.000000000000000000e+00,4.193009948730468750e+01,1.147057876586914062e+02,0.000000000000000000e+00,0.000000000000000000e+00,3.659471511840820312e+01,1.143998794555664062e+02,3.636774826049804688e+01,1.237087249755859375e+02,2.982210731506347656e+01,1.248245391845703125e+02,0.000000000000000000e+00,0.000000000000000000e+00,3.851114654541015625e+01,1.392416381835937500e+02,0.000000000000000000e+00,0.000000000000000000e+00,3.981700134277343750e+01,1.261198806762695312e+02,4.670727920532226562e+01,1.518937835693359375e+02,3.866289901733398438e+01,1.554029846191406250e+02,5.850732040405273438e+01,1.700967102050781250e+02,4.125388336181640625e+01,1.787512359619140625e+02,5.927064514160156250e+01,1.911236572265625000e+02,4.227092361450195312e+01,1.998121490478515625e+02
3.730000000000000000e+02,4.692121124267578125e+01,1.173207397460937500e+02,0.000000000000000000e+00,0.000000000000000000e+00,4.538930511474609375e+01,1.147758636474609375e+02,0.000000000000000000e+00,0.000000000000000000e+00,3.970180892944335938e+01,1.140830230712890625e+02,4.075460815429687500e+01,1.229891128540039062e+02,3.361282348632812500e+01,1.248117370605468750e+02,0.000000000000000000e+00,0.000000000000000000e+00,4.215579605102539062e+01,1.386319885253906250e+02,0.000000000000000000e+00,0.000000000000000000e+00,4.442827606201171875e+01,1.261585235595703125e+02,4.989436721801757812e+01,1.525349578857421875e+02,4.217416000366210938e+01,1.555955505371093750e+02,6.245832061767578125e+01,1.706883544921875000e+02,4.294050598144531250e+01,1.789282073974609375e+02,6.980035400390625000e+01,1.917231597900390625e+02,4.244754028320312500e+01,2.004477539062500000e+02
3.740000000000000000e+02,5.178575134277343750e+01,1.169228363037109375e+02,0.000000000000000000e+00,0.000000000000000000e+00,5.066099166870117188e+01,1.145440444946289062e+02,0.000000000000000000e+00,0.000000000000000000e+00,4.478498458862304688e+01,1.142164001464843750e+02,4.415079879760742188e+01,1.233061904907226562e+02,3.769616699218750000e+01,1.253649902343750000e+02,0.000000000000000000e+00,0.000000000000000000e+00,4.672851181030273438e+01,1.396936492919921875e+02,0.000000000000000000e+00,0.000000000000000000e+00,4.867503356933593750e+01,1.255237426757812500e+02,5.351594924926757812e+01,1.527453918457031250e+02,4.650496673583984375e+01,1.549684143066406250e+02,6.513987731933593750e+01,1.723559875488281250e+02,4.412477493286132812e+01,1.790959014892578125e+02,7.853865051269531250e+01,1.903598327636718750e+02,4.283553695678710938e+01,2.001926422119140625e+02
3.750000000000000000e+02,5.580051422119140625e+01,1.171454544067382812e+02,0.000000000000000000e+00,0.000000000000000000e+00,5.455912399291992188e+01,1.146723403930664062e+02,0.000000000000000000e+00,0.000000000000000000e+00,4.885247039794921875e+01,1.141005554199218750e+02,4.857965087890625000e+01,1.241031875610351562e+02,4.191127014160156250e+01,1.254235229492187500e+02,0.000000000000000000e+00,0.000000000000000000e+00,5.006980133056640625e+01,1.396333923339843750e+02,0.000000000000000000e+00,0.000000000000000000e+00,5.311762237548828125e+01,1.263108825683593750e+02,5.729471588134765625e+01,1.541591033935546875e+02,5.032678985595703125e+01,1.563362426757812500e+02,6.887972259521484375e+01,1.728039245605468750e+02,4.622385025024414062e+01,1.799034881591796875e+02,8.485468292236328125e+01,1.886932067871093750e+02,4.280370330810546875e+01,2.004082641601562500e+02
3.760000000000000000e+02,5.948916244506835938e+01,1.171807327270507812e+02,0.000000000000000000e+00,0.000000000000000000e+00,5.840559768676757812e+01,1.148027725219726562e+02,0.000000000000000000e+00,0.000000000000000000e+00,5.332258224487304688e+01,1.142878189086914062e+02,5.285167694091796875e+01,1.237266464233398438e+02,4.654687500000000000e+01,1.252453536987304688e+02,0.000000000000000000e+00,0.000000000000000000e+00,5.487630081176757812e+01,1.392022705078125000e+02,0.000000000000000000e+00,0.000000000000000000e+00,5.779138946533203125e+01,1.262265396118164062e+02,6.231715774536132812e+01,1.533584747314453125e+02,5.504488754272460938e+01,1.557811431884765625e+02,7.387063598632812500e+01,1.722121276855468750e+02,5.070993804931640625e+01,1.790116577148437500e+02,8.819657897949218750e+01,1.894487762451171875e+02,4.321872711181640625e+01,1.991837005615234375e+02
3.770000000000000000e+02,6.482385253906250000e+01,1.162787551879882812e+02,0.000000000000000000e+00,0.000000000000000000e+00,6.329129791259765625e+01,1.139440383911132812e+02,0.000000000000000000e+00,0.000000000000000000e+00,5.758470916748046875e+01,1.138673858642578125e+02,5.724520492553710938e+01,1.231083374023437500e+02,5.088093948364257812e+01,1.244284210205078125e+02,0.000000000000000000e+00,0.000000000000000000e+00,5.865639877319335938e+01,1.386654815673828125e+02,0.000000000000000000e+00,0.000000000000000000e+00,6.222863769531250000e+01,1.254397201538085938e+02,6.766641235351562500e+01,1.523558807373046875e+02,6.023098754882812500e+01,1.549876861572265625e+02,7.874824523925781250e+01,1.714114074707031250e+02,5.659857559204101562e+01,1.788035583496093750e+02,9.072850036621093750e+01,1.897348327636718750e+02,4.428065109252929688e+01,1.975051116943359375e+02
3.780000000000000000e+02,6.867543792724609375e+01,1.155817184448242188e+02,0.000000000000000000e+00,0.000000000000000000e+00,6.695824432373046875e+01,1.133461456298828125e+02,0.000000000000000000e+00,0.000000000000000000e+00,6.107639312744140625e+01,1.127883911132812500e+02,6.176629257202148438e+01,1.226721420288085938e+02,5.499813461303710938e+01,1.236157455444335938e+02,0.000000000000000000e+00,0.000000000000000000e+00,6.322499847412109375e+01,1.382431488037109375e+02,0.000000000000000000e+00,0.000000000000000000e+00,6.622555541992187500e+01,1.246920166015625000e+02,7.237598419189453125e+01,1.512519378662109375e+02,6.477168273925781250e+01,1.546491394042968750e+02,8.397682189941406250e+01,1.707191009521484375e+02,6.384346389770507812e+01,1.781169281005859375e+02,9.194602966308593750e+01,1.903773040771484375e+02,4.918205261230468750e+01,1.965444488525390625e+02
3.790000000000000000e+02,7.256216430664062500e+01,1.147570800781250000e+02,0.000000000000000000e+00,0.000000000000000000e+00,7.091358947753906250e+01,1.121090469360351562e+02,0.000000000000000000e+00,0.000000000000000000e+00,6.537215423583984375e+01,1.115245056152343750e+02,6.610575866699218750e+01,1.214753265380859375e+02,5.912784576416015625e+01,1.227463684082031250e+02,0.000000000000000000e+00,0.000000000000000000e+00,6.708625030517578125e+01,1.371647491455078125e+02,0.000000000000000000e+00,0.000000000000000000e+00,6.992200469970703125e+01,1.240083770751953125e+02,7.699082183837890625e+01,1.495926971435546875e+02,6.908419036865234375e+01,1.532070159912109375e+02,8.693479919433593750e+01,1.697050170898437500e+02,7.242710113525390625e+01,1.778468017578125000e+02,9.234114837646484375e+01,1.904687652587890625e+02,5.483855056762695312e+01,1.913934173583984375e+02
3.800000000000000000e+02,7.734778594970703125e+01,1.142892150878906250e+02,0.000000000000000000e+00,0.000000000000000000e+00,7.589274597167968750e+01,1.115519256591796875e+02,0.000000000000000000e+00,0.000000000000000000e+00,7.004339599609375000e+01,1.109033432006835938e+02,7.001325988769531250e+01,1.204845428466796875e+02,6.275568771362304688e+01,1.215750274658203125e+02,0.000000000000000000e+00,0.000000000000000000e+00,7.058731842041015625e+01,1.351405181884765625e+02,0.000000000000000000e+00,0.000000000000000000e+00,7.370478820800781250e+01,1.229702606201171875e+02,8.047514343261718750e+01,1.483345489501953125e+02,7.252632141113281250e+01,1.520390472412109375e+02,8.941468811035156250e+01,1.697157440185546875e+02,8.020825958251953125e+01,1.767577056884765625e+02,9.197468566894531250e+01,1.899852294921875000e+02,6.235921478271484375e+01,1.899908599853515625e+02
3.810000000000000000e+02,8.056361389160156250e+01,1.123024291992187500e+02,0.000000000000000000e+00,0.000000000000000000e+00,7.898691558837890625e+01,1.098258361816406250e+02,0.000000000000000000e+00,0.000000000000000000e+00,7.346804809570312500e+01,1.093428192138671875e+02,7.256571197509765625e+01,1.188744659423828125e+02,6.629893493652343750e+01,1.198555831909179688e+02,0.000000000000000000e+00,0.000000000000000000e+00,7.409869384765625000e+01,1.350349426269531250e+02,0.000000000000000000e+00,0.000000000000000000e+00,7.693528747558593750e+01,1.217209548950195312e+02,8.331549072265625000e+01,1.466872100830078125e+02,7.645819854736328125e+01,1.501414947509765625e+02,9.046125030517578125e+01,1.697400970458984375e+02,8.667154693603515625e+01,1.729302825927734375e+02,9.141619873046875000e+01,1.907321166992187500e+02,7.103124237060546875e+01,1.894083862304687500e+02
3.820000000000000000e+02,8.311214447021484375e+01,1.115354614257812500e+02,0.000000000000000000e+00,0.000000000000000000e+00,8.189320373535156250e+01,1.087368698120117188e+02,0.000000000000000000e+00,0.000000000000000000e+00,7.748851013183593750e+01,1.080121383666992188e+02,7.571187591552734375e+01,1.172719268798828125e+02,6.947026062011718750e+01,1.186531143188476562e+02,0.000000000000000000e+00,0.000000000000000000e+00,7.651432800292968750e+01,1.332332916259765625e+02,0.000000000000000000e+00,0.000000000000000000e+00,8.027177429199218750e+01,1.212378997802734375e+02,8.469982910156250000e+01,1.450574188232421875e+02,8.014444732666015625e+01,1.474244842529296875e+02,9.051847076416015625e+01,1.686916046142578125e+02,9.157738494873046875e+01,1.697028656005859375e+02,9.174719238281250000e+01,1.901130218505859375e+02,8.042852783203125000e+01,1.889698944091796875e+02
3.830000000000000000e+02,8.666687774658203125e+01,1.116836700439453125e+02,0.000000000000000000e+00,0.000000000000000000e+00,8.587761688232421875e+01,1.091442031860351562e+02,0.000000000000000000e+00,0.000000000000000000e+00,8.138975524902343750e+01,1.081891632080078125e+02,7.862384796142578125e+01,1.175913085937500000e+02,7.289457702636718750e+01,1.183123168945312500e+02,0.000000000000000000e+00,0.000000000000000000e+00,8.022991943359375000e+01,1.330008392333984375e+02,0.000000000000000000e+00,0.000000000000000000e+00,8.329447174072265625e+01,1.197538986206054688e+02,8.732131958007812500e+01,1.469786071777343750e+02,8.425724792480468750e+01,1.481427459716796875e+02,8.937493133544921875e+01,1.697812957763671875e+02,9.749420166015625000e+01,1.690714263916015625e+02,9.034053039550781250e+01,1.896349029541015625e+02,9.201914978027343750e+01,1.904412689208984375e+02
3.840000000000000000e+02,9.062168121337890625e+01,1.109793167114257812e+02,0.000000000000000000e+00,0.000000000000000000e+00,8.920677947998046875e+01,1.090678405761718750e+02,0.000000000000000000e+00,0.000000000000000000e+00,8.434068298339843750e+01,1.083077316284179688e+02,8.287902069091796875e+01,1.179710845947265625e+02,7.667533111572265625e+01,1.183911819458007812e+02,9.062892150878906250e+01,1.304322357177734375e+02,8.496235656738281250e+01,1.323627319335937500e+02,1.023504791259765625e+02,1.395950164794921875e+02,8.709793853759765625e+01,1.187704238891601562e+02,9.160571289062500000e+01,1.459331207275390625e+02,8.712994384765625000e+01,1.476537322998046875e+02,9.075750732421875000e+01,1.690212249755859375e+02,1.022965087890625000e+02,1.681461486816406250e+02,9.102088928222656250e+01,1.912766571044921875e+02,1.024398117065429688e+02,1.915024566650390625e+02
3.850000000000000000e+02,9.838150787353515625e+01,1.109149322509765625e+02,0.000000000000000000e+00,0.000000000000000000e+00,9.702558135986328125e+01,1.081254806518554688e+02,0.000000000000000000e+00,0.000000000000000000e+00,9.187521362304687500e+01,1.072005004882812500e+02,9.193000793457031250e+01,1.175833892822265625e+02,8.462648010253906250e+01,1.185214996337890625e+02,1.031702194213867188e+02,1.270079345703125000e+02,9.212413024902343750e+01,1.322801513671875000e+02,1.167702026367187500e+02,1.320187377929687500e+02,9.569315338134765625e+01,1.200141754150390625e+02,9.837177276611328125e+01,1.470662078857421875e+02,9.503693389892578125e+01,1.480692749023437500e+02,9.385964965820312500e+01,1.693885040283203125e+02,1.099667205810546875e+02,1.684318542480468750e+02,9.127399444580078125e+01,1.905009918212890625e+02,1.234584884643554688e+02,1.891553955078125000e+02
3.860000000000000000e+02,1.044533920288085938e+02,1.112133865356445312e+02,0.000000000000000000e+00,0.000000000000000000e+00,1.036916580200195312e+02,1.088631973266601562e+02,0.000000000000000000e+00,0.000000000000000000e+00,9.887728118896484375e+01,1.074145355224609375e+02,9.496719360351562500e+01,1.171870346069335938e+02,8.924521636962890625e+01,1.182717208862304688e+02,0.000000000000000000e+00,0.000000000000000000e+00,9.690495300292968750e+01,1.328398284912109375e+02,0.000000000000000000e+00,0.000000000000000000e+00,1.005982742309570312e+02,1.211579284667968750e+02,1.012258377075195312e+02,1.476900787353515625e+02,9.962303161621093750e+01,1.483683471679687500e+02,9.639304351806640625e+01,1.693637237548828125e+02,1.139789581298828125e+02,1.697547302246093750e+02,9.188896179199218750e+01,1.897565155029296875e+02,1.306794586181640625e+02,1.864668426513671875e+02
3.870000000000000000e+02,1.069196166992187500e+02,1.112054519653320312e+02,0.000000000000000000e+00,0.000000000000000000e+00,1.061011810302734375e+02,1.089240798950195312e+02,0.000000000000000000e+00,0.000000000000000000e+00,1.012514724731445312e+02,1.076765594482421875e+02,9.986259460449218750e+01,1.169142150878906250e+02,9.325803375244140625e+01,1.180156097412109375e+02,1.096154556274414062e+02,1.252583999633789062e+02,1.007133636474609375e+02,1.327030181884765625e+02,1.261675949096679688e+02,1.272986450195312500e+02,1.044412384033203125e+02,1.214845275878906250e+02,1.052731552124023438e+02,1.465347290039062500e+02,1.035511779785156250e+02,1.474338378906250000e+02,9.961441802978515625e+01,1.687633361816406250e+02,1.174948730468750000e+02,1.676668853759765625e+02,9.220523071289062500e+01,1.893818054199218750e+02,1.343275604248046875e+02,1.871859130859375000e+02
3.880000000000000000e+02,1.119969863891601562e+02,1.107070617675781250e+02,0.000000000000000000e+00,0.000000000000000000e+00,1.113055496215820312e+02,1.084172515869140625e+02,0.000000000000000000e+00,0.000000000000000000e+00,1.063517456054687500e+02,1.068274536132812500e+02,1.059280929565429688e+02,1.161090621948242188e+02,9.790913391113281250e+01,1.181256179809570312e+02,1.158276138305664062e+02,1.229775772094726562e+02,1.058059997558593750e+02,1.324123382568359375e+02,1.305956726074218750e+02,1.262780151367187500e+02,1.090235748291015625e+02,1.205426025390625000e+02,1.102237548828125000e+02,1.467887878417968750e+02,1.088033752441406250e+02,1.479733581542968750e+02,1.042469329833984375e+02,1.683169860839843750e+02,1.237829360961914062e+02,1.685318145751953125e+02,9.343778991699218750e+01,1.877704315185546875e+02,1.359959564208984375e+02,1.880819244384765625e+02
3.890000000000000000e+02,1.163165664672851562e+02,1.100743713378906250e+02,0.000000000000000000e+00,0.000000000000000000e+00,1.155513458251953125e+02,1.076531829833984375e+02,0.000000000000000000e+00,0.000000000000000000e+00,1.109138412475585938e+02,1.061729583740234375e+02,1.088803558349609375e+02,1.154307556152343750e+02,1.023965148925781250e+02,1.174866638183593750e+02,1.190554962158203125e+02,1.228268432617187500e+02,1.105398406982421875e+02,1.322600860595703125e+02,1.342319335937500000e+02,1.263906555175781250e+02,1.133430786132812500e+02,1.199369201660156250e+02,1.131476745605468750e+02,1.461261901855468750e+02,1.138063888549804688e+02,1.468585968017578125e+02,1.111620788574218750e+02,1.677377319335937500e+02,1.282344512939453125e+02,1.681323089599609375e+02,9.718837738037109375e+01,1.848659515380859375e+02,1.379965057373046875e+02,1.878139801025390625e+02
3.900000000000000000e+02,1.203564987182617188e+02,1.094964828491210938e+02,1.217846832275390625e+02,1.072977752685546875e+02,1.193270263671875000e+02,1.070043334960937500e+02,0.000000000000000000e+00,0.000000000000000000e+00,1.143634185791015625e+02,1.053880538940429688e+02,1.131729736328125000e+02,1.156338806152343750e+02,1.066360855102539062e+02,1.175868225097656250e+02,1.225055084228515625e+02,1.231160125732421875e+02,1.159465484619140625e+02,1.324266204833984375e+02,1.362507171630859375e+02,1.275379028320312500e+02,1.171233520507812500e+02,1.195785369873046875e+02,1.206632461547851562e+02,1.453757171630859375e+02,1.175716476440429688e+02,1.465969390869140625e+02,1.199655609130859375e+02,1.668516387939453125e+02,1.320261688232421875e+02,1.670401306152343750e+02,1.031802749633789062e+02,1.826314086914062500e+02,1.386213989257812500e+02,1.876635589599609375e+02
3.910000000000000000e+02,1.250578765869140625e+02,1.087479095458984375e+02,0.000000000000000000e+00,0.000000000000000000e+00,1.245649414062500000e+02,1.063450622558593750e+02,0.000000000000000000e+00,0.000000000000000000e+00,1.194558181762695312e+02,1.052074890136718750e+02,1.176592636108398438e+02,1.159373168945312500e+02,1.113598937988281250e+02,1.173603820800781250e+02,1.272264862060546875e+02,1.258433303833007812e+02,1.206600723266601562e+02,1.320830535888671875e+02,1.396724395751953125e+02,1.308065490722656250e+02,1.214844436645507812e+02,1.205269851684570312e+02,1.248199615478515625e+02,1.448765563964843750e+02,1.219778137207031250e+02,1.466246643066406250e+02,1.270886230468750000e+02,1.655821990966796875e+02,1.346842956542968750e+02,1.673188629150390625e+02,1.111285324096679688e+02,1.803007507324218750e+02,1.390384368896484375e+02,1.884174499511718750e+02
3.920000000000000000e+02,1.284792480468750000e+02,1.080404815673828125e+02,0.000000000000000000e+00,0.000000000000000000e+00,1.284971466064453125e+02,1.053880615234375000e+02,0.000000000000000000e+00,0.000000000000000000e+00,1.233453674316406250e+02,1.042861175537109375e+02,1.199906616210937500e+02,1.147968521118164062e+02,1.146155090332031250e+02,1.159300918579101562e+02,1.271812591552734375e+02,1.277101745605468750e+02,1.237764968872070312e+02,1.306462249755859375e+02,1.399439086914062500e+02,1.330331878662109375e+02,1.252947921752929688e+02,1.169580535888671875e+02,1.292293853759765625e+02,1.438510437011718750e+02,1.259306335449218750e+02,1.457399597167968750e+02,1.331294250488281250e+02,1.648106536865234375e+02,1.356000061035156250e+02,1.670093841552734375e+02,1.179033966064453125e+02,1.788339843750000000e+02,1.384056243896484375e+02,1.879680786132812500e+02
3.930000000000000000e+02,1.331287841796875000e+02,1.069851989746093750e+02,0.000000000000000000e+00,0.000000000000000000e+00,1.323343505859375000e+02,1.041351318359375000e+02,0.000000000000000000e+00,0.000000000000000000e+00,1.269081115722656250e+02,1.028416290283203125e+02,1.238838195800781250e+02,1.140513153076171875e+02,1.190979156494140625e+02,1.148458251953125000e+02,0.000000000000000000e+00,0.000000000000000000e+00,1.278473205566406250e+02,1.296956329345703125e+02,1.375863342285156250e+02,1.341616668701171875e+02,1.299397125244140625e+02,1.155198440551757812e+02,1.332780761718750000e+02,1.421607208251953125e+02,1.281898040771484375e+02,1.442557983398437500e+02,1.395600891113281250e+02,1.617982482910156250e+02,1.361672515869140625e+02,1.656631011962890625e+02,1.269102630615234375e+02,1.789325714111328125e+02,1.385868072509765625e+02,1.872558135986328125e+02
3.940000000000000000e+02,1.369885101318359375e+02,1.059608001708984375e+02,0.000000000000000000e+00,0.000000000000000000e+00,1.362171936035156250e+02,1.032075271606445312e+02,0.000000000000000000e+00,0.000000000000000000e+00,1.308539276123046875e+02,1.018601074218750000e+02,1.286448364257812500e+02,1.121881027221679688e+02,1.231189727783203125e+02,1.136644897460937500e+02,0.000000000000000000e+00,0.000000000000000000e+00,1.317024536132812500e+02,1.278686828613281250e+02,0.000000000000000000e+00,0.000000000000000000e+00,1.342548980712890625e+02,1.138066101074218750e+02,1.380025329589843750e+02,1.400401611328125000e+02,1.317333831787109375e+02,1.433029937744140625e+02,1.457014617919921875e+02,1.598280181884765625e+02,1.374874725341796875e+02,1.659808197021484375e+02,1.357866210937500000e+02,1.793153686523437500e+02,1.384208526611328125e+02,1.879210662841796875e+02
3.950000000000000000e+02,1.415300750732421875e+02,1.051371383666992188e+02,0.000000000000000000e+00,0.000000000000000000e+00,1.407308197021484375e+02,1.027784194946289062e+02,0.000000000000000000e+00,0.000000000000000000e+00,1.358736724853515625e+02,1.016206436157226562e+02,1.322267303466796875e+02,1.108731536865234375e+02,1.273777770996093750e+02,1.125915756225585938e+02,0.000000000000000000e+00,0.000000000000000000e+00,1.360940551757812500e+02,1.276461029052734375e+02,0.000000000000000000e+00,0.000000000000000000e+00,1.382376861572265625e+02,1.141678466796875000e+02,1.416063385009765625e+02,1.399747467041015625e+02,1.353045806884765625e+02,1.429695281982421875e+02,1.510533447265625000e+02,1.583103485107421875e+02,1.383508300781250000e+02,1.663853149414062500e+02,1.473897247314453125e+02,1.811192779541015625e+02,1.383551025390625000e+02,1.880535430908203125e+02
3.960000000000000000e+02,1.457690582275390625e+02,1.047338714599609375e+02,0.000000000000000000e+00,0.000000000000000000e+00,1.448842010498046875e+02,1.022063446044921875e+02,0.000000000000000000e+00,0.000000000000000000e+00,1.404621582031250000e+02,1.009067001342773438e+02,1.364060211181640625e+02,1.110591125488281250e+02,1.315951843261718750e+02,1.121846160888671875e+02,0.000000000000000000e+00,0.000000000000000000e+00,1.394136352539062500e+02,1.272482147216796875e+02,0.000000000000000000e+00,0.000000000000000000e+00,1.423484497070312500e+02,1.137296524047851562e+02,1.451449432373046875e+02,1.388495178222656250e+02,1.390764007568359375e+02,1.418620758056640625e+02,1.558526153564453125e+02,1.576635437011718750e+02,1.393179016113281250e+02,1.666247253417968750e+02,1.581530609130859375e+02,1.808129425048828125e+02,1.381812286376953125e+02,1.877205810546875000e+02
3.970000000000000000e+02,1.495348968505859375e+02,1.046800231933593750e+02,0.000000000000000000e+00,0.000000000000000000e+00,1.487181854248046875e+02,1.019964752197265625e+02,0.000000000000000000e+00,0.000000000000000000e+00,1.441307830810546875e+02,1.010510787963867188e+02,1.411970367431640625e+02,1.110925827026367188e+02,1.354417419433593750e+02,1.122723846435546875e+02,0.000000000000000000e+00,0.000000000000000000e+00,1.441372375488281250e+02,1.268062438964843750e+02,0.000000000000000000e+00,0.000000000000000000e+00,1.469817657470703125e+02,1.132509002685546875e+02,1.492135925292968750e+02,1.397289886474609375e+02,1.428414154052734375e+02,1.419600067138671875e+02,1.605263519287109375e+02,1.587083282470703125e+02,1.412190246582031250e+02,1.662451171875000000e+02,1.689429321289062500e+02,1.795414886474609375e+02,1.382530364990234375e+02,1.880436096191406250e+02
3.980000000000000000e+02,1.535166473388671875e+02,1.049934692382812500e+02,0.000000000000000000e+00,0.000000000000000000e+00,1.528521118164062500e+02,1.024821853637695312e+02,0.000000000000000000e+00,0.000000000000000000e+00,1.480216979980468750e+02,1.011832122802734375e+02,1.429411315917968750e+02,1.113796997070312500e+02,1.399178161621093750e+02,1.127492065429687500e+02,0.000000000000000000e+00,0.000000000000000000e+00,1.477246246337890625e+02,1.269252700805664062e+02,0.000000000000000000e+00,0.000000000000000000e+00,1.510134277343750000e+02,1.139308090209960938e+02,1.525300750732421875e+02,1.404545135498046875e+02,1.470131835937500000e+02,1.422375335693359375e+02,1.640518798828125000e+02,1.607134094238281250e+02,1.429019622802734375e+02,1.665447692871093750e+02,1.772210540771484375e+02,1.781092681884765625e+02,1.387074584960937500e+02,1.871430206298828125e+02
3.990000000000000000e+02,1.582475280761718750e+02,1.050241775512695312e+02,0.000000000000000000e+00,0.000000000000000000e+00,1.576262512207031250e+02,1.023060684204101562e+02,0.000000000000000000e+00,0.000000000000000000e+00,1.527886047363281250e+02,1.010618743896484375e+02,1.481318054199218750e+02,1.119446105957031250e+02,1.442073059082031250e+02,1.131103286743164062e+02,0.000000000000000000e+00,0.000000000000000000e+00,1.526861724853515625e+02,1.272934722900390625e+02,0.000000000000000000e+00,0.000000000000000000e+00,1.556737823486328125e+02,1.141155624389648438e+02,1.573453521728515625e+02,1.417282714843750000e+02,1.517407989501953125e+02,1.432785797119140625e+02,1.681193847656250000e+02,1.603317718505859375e+02,1.462760467529296875e+02,1.666080780029296875e+02,1.829163665771484375e+02,1.767093048095703125e+02,1.393348693847656250e+02,1.863275299072265625e+02
4.000000000000000000e+02,1.625531158447265625e+02,1.048598480224609375e+02,0.000000000000000000e+00,0.000000000000000000e+00,1.618167114257812500e+02,1.022021026611328125e+02,0.000000000000000000e+00,0.000000000000000000e+00,1.569241180419921875e+02,1.010233383178710938e+02,1.532506256103515625e+02,1.114284439086914062e+02,1.484669189453125000e+02,1.126212921142578125e+02,0.000000000000000000e+00,0.000000000000000000e+00,1.568162994384765625e+02,1.264921951293945312e+02,0.000000000000000000e+00,0.000000000000000000e+00,1.590848846435546875e+02,1.142965927124023438e+02,1.622184906005859375e+02,1.406456756591796875e+02,1.560778808593750000e+02,1.424666442871093750e+02,1.732338409423828125e+02,1.599893798828125000e+02,1.503146362304687500e+02,1.660780181884765625e+02,1.850990295410156250e+02,1.778611907958984375e+02,1.401572875976562500e+02,1.857144165039062500e+02
4.010000000000000000e+02,1.668868560791015625e+02,1.041222686767578125e+02,1.675880584716796875e+02,1.020806503295898438e+02,1.659086303710937500e+02,1.016724014282226562e+02,0.000000000000000000e+00,0.000000000000000000e+00,1.610072784423828125e+02,1.007299499511718750e+02,1.567447357177734375e+02,1.112423400878906250e+02,1.528838500976562500e+02,1.125373077392578125e+02,0.000000000000000000e+00,0.000000000000000000e+00,1.608330841064453125e+02,1.266266784667968750e+02,0.000000000000000000e+00,0.000000000000000000e+00,1.636343231201171875e+02,1.137353134155273438e+02,1.677697448730468750e+02,1.411371917724609375e+02,1.613168792724609375e+02,1.428457183837890625e+02,1.779351196289062500e+02,1.598966827392578125e+02,1.558625183105468750e+02,1.668555297851562500e+02,1.874594268798828125e+02,1.785745391845703125e+02,1.424782104492187500e+02,1.842531738281250000e+02
4.020000000000000000e+02,1.711960144042968750e+02,1.033237533569335938e+02,0.000000000000000000e+00,0.000000000000000000e+00,1.705030822753906250e+02,1.007924041748046875e+02,0.000000000000000000e+00,0.000000000000000000e+00,1.657156219482421875e+02,9.961303710937500000e+01,1.632890472412109375e+02,1.094380264282226562e+02,1.569236602783203125e+02,1.113785018920898438e+02,0.000000000000000000e+00,0.000000000000000000e+00,1.647242889404296875e+02,1.262906799316406250e+02,0.000000000000000000e+00,0.000000000000000000e+00,1.685515747070312500e+02,1.135653076171875000e+02,1.725003967285156250e+02,1.388610382080078125e+02,1.654801788330078125e+02,1.418848266601562500e+02,1.823002777099609375e+02,1.583113861083984375e+02,1.640771942138671875e+02,1.665863800048828125e+02,1.880637054443359375e+02,1.791349487304687500e+02,1.473269195556640625e+02,1.822481842041015625e+02
4.030000000000000000e+02,1.754681701660156250e+02,1.027235641479492188e+02,0.000000000000000000e+00,0.000000000000000000e+00,1.747610626220703125e+02,1.001497726440429688e+02,0.000000000000000000e+00,0.000000000000000000e+00,1.699175262451171875e+02,9.879249572753906250e+01,1.683740692138671875e+02,1.089977493286132812e+02,1.614526214599609375e+02,1.100743255615234375e+02,0.000000000000000000e+00,0.000000000000000000e+00,1.693055267333984375e+02,1.253109207153320312e+02,0.000000000000000000e+00,0.000000000000000000e+00,1.726106872558593750e+02,1.129355773925781250e+02,1.770653381347656250e+02,1.384850158691406250e+02,1.697043762207031250e+02,1.416239166259765625e+02,1.852391967773437500e+02,1.586068267822265625e+02,1.726063385009765625e+02,1.661960906982421875e+02,1.882468109130859375e+02,1.795546569824218750e+02,1.538420715332031250e+02,1.797984161376953125e+02
4.040000000000000000e+02,1.799687805175781250e+02,1.015233306884765625e+02,0.000000000000000000e+00,0.000000000000000000e+00,1.791470031738281250e+02,9.926298522949218750e+01,0.000000000000000000e+00,0.000000000000000000e+00,1.745944519042968750e+02,9.795789337158203125e+01,1.704663696289062500e+02,1.081009445190429688e+02,1.654822387695312500e+02,1.092568969726562500e+02,0.000000000000000000e+00,0.000000000000000000e+00,1.733618621826171875e+02,1.244154205322265625e+02,0.000000000000000000e+00,0.000000000000000000e+00,1.769407043457031250e+02,1.118033218383789062e+02,1.806644439697265625e+02,1.372196350097656250e+02,1.742402801513671875e+02,1.404089508056640625e+02,1.870204315185546875e+02,1.589411163330078125e+02,1.802849273681640625e+02,1.644797821044921875e+02,1.880414276123046875e+02,1.798253936767578125e+02,1.617674255371093750e+02,1.779654388427734375e+02
4.050000000000000000e+02,1.834838104248046875e+02,1.004438552856445312e+02,0.000000000000000000e+00,0.000000000000000000e+00,1.828044128417968750e+02,9.810232543945312500e+01,0.000000000000000000e+00,0.000000000000000000e+00,1.778279571533203125e+02,9.637918090820312500e+01,1.756252441406250000e+02,1.059628906250000000e+02,1.691114044189453125e+02,1.077076339721679688e+02,0.000000000000000000e+00,0.000000000000000000e+00,1.758337860107421875e+02,1.235876617431640625e+02,0.000000000000000000e+00,0.000000000000000000e+00,1.802320251464843750e+02,1.104959106445312500e+02,1.830345916748046875e+02,1.351297607421875000e+02,1.771737365722656250e+02,1.379348297119140625e+02,1.880432434082031250e+02,1.582042541503906250e+02,1.869636993408203125e+02,1.605727691650390625e+02,1.880038604736328125e+02,1.793770599365234375e+02,1.699664154052734375e+02,1.769199981689453125e+02
4.060000000000000000e+02,1.870878448486328125e+02,9.980183410644531250e+01,0.000000000000000000e+00,0.000000000000000000e+00,1.869008636474609375e+02,9.697975158691406250e+01,0.000000000000000000e+00,0.000000000000000000e+00,1.815646514892578125e+02,9.546303558349609375e+01,1.785831451416015625e+02,1.053441009521484375e+02,1.732429962158203125e+02,1.066288070678710938e+02,0.000000000000000000e+00,0.000000000000000000e+00,1.801011505126953125e+02,1.213830566406250000e+02,0.000000000000000000e+00,0.000000000000000000e+00,1.839432678222656250e+02,1.089640731811523438e+02,1.845621795654296875e+02,1.342264404296875000e+02,1.811660614013671875e+02,1.363709106445312500e+02,1.890832366943359375e+02,1.562754058837890625e+02,1.912275085449218750e+02,1.579847869873046875e+02,1.871973876953125000e+02,1.774604492187500000e+02,1.819602966308593750e+02,1.765373382568359375e+02
4.070000000000000000e+02,1.910475921630859375e+02,9.872912597656250000e+01,0.000000000000000000e+00,0.000000000000000000e+00,1.903634643554687500e+02,9.591728973388671875e+01,0.000000000000000000e+00,0.000000000000000000e+00,1.853009338378906250e+02,9.456785583496093750e+01,1.820467987060546875e+02,1.049980773925781250e+02,1.769604644775390625e+02,1.055759429931640625e+02,0.000000000000000000e+00,0.000000000000000000e+00,1.827332763671875000e+02,1.217953948974609375e+02,0.000000000000000000e+00,0.000000000000000000e+00,1.872306823730468750e+02,1.096434020996093750e+02,1.858721008300781250e+02,1.346647796630859375e+02,1.850131835937500000e+02,1.356141510009765625e+02,1.879719848632812500e+02,1.573583526611328125e+02,1.984138031005859375e+02,1.572106628417968750e+02,1.883701782226562500e+02,1.788068542480468750e+02,1.891149139404296875e+02,1.788285217285156250e+02
4.080000000000000000e+02,1.948477935791015625e+02,9.844385528564453125e+01,0.000000000000000000e+00,0.000000000000000000e+00,1.943197021484375000e+02,9.578759765625000000e+01,0.000000000000000000e+00,0.000000000000000000e+00,1.895511474609375000e+02,9.443058776855468750e+01,1.876341705322265625e+02,1.046296386718750000e+02,1.811461181640625000e+02,1.050395355224609375e+02,1.937778778076171875e+02,1.183857650756835938e+02,1.882616271972656250e+02,1.198570022583007812e+02,2.026699676513671875e+02,1.271845397949218750e+02,1.915754852294921875e+02,1.075037460327148438e+02,1.910227050781250000e+02,1.348171234130859375e+02,1.890202789306640625e+02,1.356947479248046875e+02,1.889882354736328125e+02,1.575804290771484375e+02,2.031719818115234375e+02,1.565396575927734375e+02,1.877978515625000000e+02,1.795899047851562500e+02,2.015789031982421875e+02,1.801109771728515625e+02
4.090000000000000000e+02,2.035199584960937500e+02,9.842752075195312500e+01,0.000000000000000000e+00,0.000000000000000000e+00,2.024083099365234375e+02,9.592972564697265625e+01,0.000000000000000000e+00,0.000000000000000000e+00,1.977080688476562500e+02,9.480256652832031250e+01,1.944867401123046875e+02,1.051777801513671875e+02,1.892995147705078125e+02,1.058557739257812500e+02,2.042936553955078125e+02,1.151031875610351562e+02,1.962882385253906250e+02,1.200357818603515625e+02,2.187036285400390625e+02,1.207705078125000000e+02,1.995040130615234375e+02,1.087314071655273438e+02,1.975969390869140625e+02,1.350650329589843750e+02,1.972898712158203125e+02,1.355062713623046875e+02,1.927486877441406250e+02,1.570040893554687500e+02,2.106809844970703125e+02,1.574233245849609375e+02,1.879376220703125000e+02,1.789102630615234375e+02,2.229528808593750000e+02,1.780931243896484375e+02
4.100000000000000000e+02,2.074071502685546875e+02,9.892563629150390625e+01,0.000000000000000000e+00,0.000000000000000000e+00,2.067183380126953125e+02,9.645770263671875000e+01,0.000000000000000000e+00,0.000000000000000000e+00,2.019230499267578125e+02,9.510272216796875000e+01,1.990442504882812500e+02,1.049644012451171875e+02,1.933468475341796875e+02,1.064991683959960938e+02,2.092928009033203125e+02,1.141802902221679688e+02,2.002058105468750000e+02,1.214337081909179688e+02,2.243172607421875000e+02,1.181955032348632812e+02,2.032970123291015625e+02,1.103605804443359375e+02,2.019008483886718750e+02,1.348474121093750000e+02,2.010227050781250000e+02,1.354352874755859375e+02,1.952360229492187500e+02,1.574752960205078125e+02,2.139379425048828125e+02,1.578326568603515625e+02,1.885028381347656250e+02,1.781547698974609375e+02,2.297776184082031250e+02,1.765207977294921875e+02
4.110000000000000000e+02,2.120348663330078125e+02,9.909976959228515625e+01,0.000000000000000000e+00,0.000000000000000000e+00,2.112174835205078125e+02,9.649968719482421875e+01,0.000000000000000000e+00,0.000000000000000000e+00,2.060867004394531250e+02,9.533605194091796875e+01,2.029537963867187500e+02,1.054123382568359375e+02,1.976406555175781250e+02,1.066218872070312500e+02,2.134202270507812500e+02,1.136816406250000000e+02,2.053357849121093750e+02,1.216157913208007812e+02,2.294255371093750000e+02,1.165323333740234375e+02,2.081120910644531250e+02,1.099467544555664062e+02,2.054206390380859375e+02,1.348064575195312500e+02,2.055688781738281250e+02,1.353204650878906250e+02,1.991106109619140625e+02,1.566909484863281250e+02,2.190503997802734375e+02,1.573884735107421875e+02,1.894214019775390625e+02,1.771413574218750000e+02,2.335332183837890625e+02,1.767389678955078125e+02
4.120000000000000000e+02,2.166811370849609375e+02,9.893830871582031250e+01,0.000000000000000000e+00,0.000000000000000000e+00,2.159479980468750000e+02,9.640664672851562500e+01,0.000000000000000000e+00,0.000000000000000000e+00,2.106115875244140625e+02,9.592183685302734375e+01,2.085485687255859375e+02,1.052728347778320312e+02,2.027397003173828125e+02,1.070683822631835938e+02,2.183587341308593750e+02,1.140172119140625000e+02,2.116526794433593750e+02,1.218034667968750000e+02,2.329707641601562500e+02,1.158922882080078125e+02,2.134586791992187500e+02,1.090594177246093750e+02,2.093088836669921875e+02,1.360131530761718750e+02,2.113408203125000000e+02,1.363969116210937500e+02,2.050431823730468750e+02,1.566986083984375000e+02,2.247438049316406250e+02,1.577814788818359375e+02,1.920359039306640625e+02,1.756383972167968750e+02,2.363292541503906250e+02,1.774631347656250000e+02
4.130000000000000000e+02,2.211508178710937500e+02,9.850527191162109375e+01,0.000000000000000000e+00,0.000000000000000000e+00,2.201804199218750000e+02,9.610488128662109375e+01,0.000000000000000000e+00,0.000000000000000000e+00,2.153679809570312500e+02,9.540541076660156250e+01,2.130255432128906250e+02,1.051087265014648438e+02,2.070286407470703125e+02,1.069171371459960938e+02,2.225384216308593750e+02,1.133201522827148438e+02,2.158968811035156250e+02,1.220470733642578125e+02,2.361990051269531250e+02,1.159656829833984375e+02,2.187806549072265625e+02,1.106137771606445312e+02,2.144578704833984375e+02,1.362140960693359375e+02,2.165171051025390625e+02,1.367948913574218750e+02,2.124462738037109375e+02,1.569619598388671875e+02,2.295200042724609375e+02,1.576387329101562500e+02,1.961313171386718750e+02,1.732681274414062500e+02,2.368549652099609375e+02,1.776214447021484375e+02
4.140000000000000000e+02,2.251979675292968750e+02,9.744288635253906250e+01,0.000000000000000000e+00,0.000000000000000000e+00,2.247553405761718750e+02,9.517499542236328125e+01,0.000000000000000000e+00,0.000000000000000000e+00,2.207495422363281250e+02,9.432172393798828125e+01,2.167920227050781250e+02,1.041200866699218750e+02,2.118418884277343750e+02,1.062317047119140625e+02,2.254483337402343750e+02,1.134763183593750000e+02,2.196548614501953125e+02,1.208440246582031250e+02,2.388191528320312500e+02,1.179335479736328125e+02,2.231707611083984375e+02,1.112039642333984375e+02,2.184153747558593750e+02,1.353992614746093750e+02,2.204977874755859375e+02,1.356469573974609375e+02,2.207431030273437500e+02,1.562142639160156250e+02,2.332856292724609375e+02,1.565833129882812500e+02,2.024923400878906250e+02,1.707061309814453125e+02,2.368473358154296875e+02,1.780471191406250000e+02
4.150000000000000000e+02,2.295249633789062500e+02,9.634504699707031250e+01,0.000000000000000000e+00,0.000000000000000000e+00,2.292004547119140625e+02,9.394993591308593750e+01,0.000000000000000000e+00,0.000000000000000000e+00,2.248602905273437500e+02,9.324671173095703125e+01,2.218737792968750000e+02,1.029749603271484375e+02,2.163901977539062500e+02,1.051746063232421875e+02,2.298591003417968750e+02,1.137920150756835938e+02,2.256952056884765625e+02,1.188060073852539062e+02,2.405962982177734375e+02,1.197572631835937500e+02,2.272587432861328125e+02,1.069700164794921875e+02,2.237184143066406250e+02,1.341916503906250000e+02,2.247773437500000000e+02,1.347581939697265625e+02,2.280257415771484375e+02,1.544247894287109375e+02,2.352387542724609375e+02,1.557124938964843750e+02,2.101168365478515625e+02,1.688229217529296875e+02,2.369493255615234375e+02,1.774733886718750000e+02
4.160000000000000000e+02,2.347790069580078125e+02,9.538661956787109375e+01,0.000000000000000000e+00,0.000000000000000000e+00,2.342382202148437500e+02,9.319141387939453125e+01,0.000000000000000000e+00,0.000000000000000000e+00,2.296542663574218750e+02,9.257637786865234375e+01,2.235177764892578125e+02,1.027974853515625000e+02,2.210467376708984375e+02,1.043748703002929688e+02,2.335826568603515625e+02,1.159142837524414062e+02,2.310333099365234375e+02,1.186405029296875000e+02,2.398633880615234375e+02,1.216145324707031250e+02,2.323825988769531250e+02,1.043037567138671875e+02,2.294477081298828125e+02,1.326310882568359375e+02,2.288801727294921875e+02,1.339539337158203125e+02,2.351961822509765625e+02,1.528327178955078125e+02,2.371596527099609375e+02,1.553652191162109375e+02,2.188955383300781250e+02,1.669415893554687500e+02,2.375093231201171875e+02,1.775524749755859375e+02
4.170000000000000000e+02,2.385781707763671875e+02,9.415534210205078125e+01,0.000000000000000000e+00,0.000000000000000000e+00,2.378739013671875000e+02,9.113613128662109375e+01,0.000000000000000000e+00,0.000000000000000000e+00,2.332500610351562500e+02,9.105267333984375000e+01,2.252848663330078125e+02,1.006823120117187500e+02,2.249080200195312500e+02,1.029458465576171875e+02,0.000000000000000000e+00,0.000000000000000000e+00,2.358324890136718750e+02,1.182687911987304688e+02,0.000000000000000000e+00,0.000000000000000000e+00,2.363177947998046875e+02,1.036111984252929688e+02,2.352318267822265625e+02,1.300401153564453125e+02,2.307885894775390625e+02,1.318535156250000000e+02,2.421993713378906250e+02,1.492596282958984375e+02,2.371362457275390625e+02,1.543568420410156250e+02,2.284897155761718750e+02,1.671929626464843750e+02,2.371272735595703125e+02,1.768409729003906250e+02
4.180000000000000000e+02,0.000000000000000000e+00,0.000000000000000000e+00,0.000000000000000000e+00,0.000000000000000000e+00,2.416984405517578125e+02,9.085951995849609375e+01,0.000000000000000000e+00,0.000000000000000000e+00,2.375111541748046875e+02,9.012928771972656250e+01,2.281444396972656250e+02,9.995710754394531250e+01,2.290376281738281250e+02,1.021984405517578125e+02,0.000000000000000000e+00,0.000000000000000000e+00,2.391728820800781250e+02,1.168492889404296875e+02,0.000000000000000000e+00,0.000000000000000000e+00,2.403060455322265625e+02,1.028915405273437500e+02,2.395596771240234375e+02,1.304282989501953125e+02,2.350197143554687500e+02,1.322203216552734375e+02,2.459616394042968750e+02,1.491405029296875000e+02,2.388955535888671875e+02,1.548169555664062500e+02,2.368454895019531250e+02,1.689989471435546875e+02,2.366606597900390625e+02,1.767113800048828125e+02
4.190000000000000000e+02,0.000000000000000000e+00,0.000000000000000000e+00,0.000000000000000000e+00,0.000000000000000000e+00,2.452393341064453125e+02,8.930165863037109375e+01,0.000000000000000000e+00,0.000000000000000000e+00,2.411511688232421875e+02,8.972929382324218750e+01,2.368633728027343750e+02,9.959716796875000000e+01,2.337101287841796875e+02,1.013726043701171875e+02,0.000000000000000000e+00,0.000000000000000000e+00,2.447364196777343750e+02,1.159312286376953125e+02,0.000000000000000000e+00,0.000000000000000000e+00,2.449848480224609375e+02,1.023578414916992188e+02,2.439946594238281250e+02,1.294990692138671875e+02,2.385627441406250000e+02,1.310271606445312500e+02,2.523449554443359375e+02,1.475525207519531250e+02,2.393242645263671875e+02,1.543547363281250000e+02,2.494227905273437500e+02,1.699070434570312500e+02,2.371899414062500000e+02,1.768733978271484375e+02
4.200000000000000000e+02,2.506165618896484375e+02,9.097721862792968750e+01,0.000000000000000000e+00,0.000000000000000000e+00,2.495879974365234375e+02,8.865979766845703125e+01,0.000000000000000000e+00,0.000000000000000000e+00,2.450865631103515625e+02,8.924308013916015625e+01,2.380620880126953125e+02,9.950782012939453125e+01,2.377670135498046875e+02,1.011884155273437500e+02,0.000000000000000000e+00,0.000000000000000000e+00,2.492392425537109375e+02,1.166485824584960938e+02,0.000000000000000000e+00,0.000000000000000000e+00,2.497366943359375000e+02,1.020594711303710938e+02,2.472034606933593750e+02,1.293671112060546875e+02,2.419044494628906250e+02,1.309365539550781250e+02,2.569939880371093750e+02,1.470824737548828125e+02,2.407730102539062500e+02,1.537235260009765625e+02,2.599092407226562500e+02,1.701615447998046875e+02,2.372531738281250000e+02,1.771818237304687500e+02
4.210000000000000000e+02,2.550259704589843750e+02,9.209608459472656250e+01,0.000000000000000000e+00,0.000000000000000000e+00,2.539584045410156250e+02,8.974854278564453125e+01,0.000000000000000000e+00,0.000000000000000000e+00,2.483780822753906250e+02,8.975946807861328125e+01,2.469284973144531250e+02,1.002983703613281250e+02,2.418562316894531250e+02,1.012602233886718750e+02,0.000000000000000000e+00,0.000000000000000000e+00,2.522470855712890625e+02,1.152789077758789062e+02,0.000000000000000000e+00,0.000000000000000000e+00,2.537153778076171875e+02,1.024521179199218750e+02,2.519328308105468750e+02,1.302706146240234375e+02,2.461316680908203125e+02,1.315884857177734375e+02,2.614213867187500000e+02,1.492353363037109375e+02,2.423463134765625000e+02,1.550402679443359375e+02,2.708063354492187500e+02,1.687629547119140625e+02,2.369967803955078125e+02,1.772192535400390625e+02
4.220000000000000000e+02,2.588479614257812500e+02,9.181579589843750000e+01,0.000000000000000000e+00,0.000000000000000000e+00,2.574196472167968750e+02,8.933171844482421875e+01,0.000000000000000000e+00,0.000000000000000000e+00,2.520344390869140625e+02,8.950411224365234375e+01,2.491130065917968750e+02,1.002724456787109375e+02,2.470124359130859375e+02,1.017471847534179688e+02,0.000000000000000000e+00,0.000000000000000000e+00,2.588232421875000000e+02,1.155462036132812500e+02,2.340723876953125000e+02,1.230916748046875000e+02,2.584064636230468750e+02,1.012906646728515625e+02,2.550713500976562500e+02,1.311402893066406250e+02,2.509778289794921875e+02,1.320861206054687500e+02,2.651592712402343750e+02,1.511486663818359375e+02,2.452108764648437500e+02,1.551279449462890625e+02,2.787697448730468750e+02,1.667140197753906250e+02,2.376019744873046875e+02,1.766519927978515625e+02
4.230000000000000000e+02,2.630237426757812500e+02,9.087875366210937500e+01,0.000000000000000000e+00,0.000000000000000000e+00,2.617557373046875000e+02,8.859352874755859375e+01,0.000000000000000000e+00,0.000000000000000000e+00,2.563385620117187500e+02,8.915361022949218750e+01,2.535364837646484375e+02,1.002374114990234375e+02,2.512112121582031250e+02,1.018309326171875000e+02,0.000000000000000000e+00,0.000000000000000000e+00,2.629494934082031250e+02,1.152305297851562500e+02,0.000000000000000000e+00,0.000000000000000000e+00,2.630842895507812500e+02,1.010000915527343750e+02,2.591557617187500000e+02,1.311335296630859375e+02,2.554026489257812500e+02,1.319743804931640625e+02,2.690570678710937500e+02,1.497809600830078125e+02,2.481747283935546875e+02,1.550006561279296875e+02,2.827728271484375000e+02,1.663891754150390625e+02,2.386616821289062500e+02,1.757118530273437500e+02
4.240000000000000000e+02,2.673329772949218750e+02,9.072706604003906250e+01,0.000000000000000000e+00,0.000000000000000000e+00,2.658458251953125000e+02,8.862550354003906250e+01,0.000000000000000000e+00,0.000000000000000000e+00,2.605939331054687500e+02,8.886699676513671875e+01,2.596975402832031250e+02,9.935771942138671875e+01,2.554946899414062500e+02,1.015987930297851562e+02,0.000000000000000000e+00,0.000000000000000000e+00,2.674045104980468750e+02,1.142839202880859375e+02,0.000000000000000000e+00,0.000000000000000000e+00,2.674086303710937500e+02,1.011112213134765625e+02,2.655978088378906250e+02,1.302965698242187500e+02,2.599526062011718750e+02,1.318758850097656250e+02,2.749083251953125000e+02,1.494723510742187500e+02,2.527370910644531250e+02,1.553922271728515625e+02,2.848095092773437500e+02,1.679012451171875000e+02,2.396318206787109375e+02,1.747942352294921875e+02
4.250000000000000000e+02,2.713745727539062500e+02,8.970371246337890625e+01,0.000000000000000000e+00,0.000000000000000000e+00,2.697650451660156250e+02,8.762612915039062500e+01,0.000000000000000000e+00,0.000000000000000000e+00,2.644373168945312500e+02,8.805175018310546875e+01,2.625006713867187500e+02,9.924977111816406250e+01,2.599815979003906250e+02,1.010225830078125000e+02,0.000000000000000000e+00,0.000000000000000000e+00,2.723942871093750000e+02,1.136864013671875000e+02,0.000000000000000000e+00,0.000000000000000000e+00,2.719882507324218750e+02,1.000780639648437500e+02,2.709984436035156250e+02,1.304384155273437500e+02,2.647773437500000000e+02,1.322034301757812500e+02,2.800447082519531250e+02,1.489357147216796875e+02,2.589503784179687500e+02,1.556084289550781250e+02,2.871973266601562500e+02,1.681789398193359375e+02,2.433660583496093750e+02,1.728838043212890625e+02
4.260000000000000000e+02,2.755451660156250000e+02,8.898223876953125000e+01,0.000000000000000000e+00,0.000000000000000000e+00,2.746152648925781250e+02,8.700298309326171875e+01,0.000000000000000000e+00,0.000000000000000000e+00,2.702316589355468750e+02,8.750724792480468750e+01,2.612557678222656250e+02,9.959891510009765625e+01,2.648460693359375000e+02,1.005482330322265625e+02,0.000000000000000000e+00,0.000000000000000000e+00,2.759066772460937500e+02,1.128720016479492188e+02,2.493427429199218750e+02,1.227462310791015625e+02,2.759543762207031250e+02,9.948884582519531250e+01,2.737748718261718750e+02,1.298346405029296875e+02,2.701576843261718750e+02,1.311458740234375000e+02,2.841215515136718750e+02,1.476895446777343750e+02,2.678824462890625000e+02,1.556336059570312500e+02,2.872001953125000000e+02,1.684386901855468750e+02,2.487761688232421875e+02,1.704542388916015625e+02
4.270000000000000000e+02,2.800346069335937500e+02,8.806395721435546875e+01,0.000000000000000000e+00,0.000000000000000000e+00,2.787005310058593750e+02,8.552275848388671875e+01,0.000000000000000000e+00,0.000000000000000000e+00,2.730987243652343750e+02,8.644049835205078125e+01,2.704670410156250000e+02,9.860173034667968750e+01,2.679975280761718750e+02,9.912570953369140625e+01,0.000000000000000000e+00,0.000000000000000000e+00,2.797006225585937500e+02,1.116995239257812500e+02,0.000000000000000000e+00,0.000000000000000000e+00,2.794806518554687500e+02,9.843508911132812500e+01,2.799336242675781250e+02,1.288688507080078125e+02,2.732374267578125000e+02,1.310039367675781250e+02,2.855424194335937500e+02,1.475148468017578125e+02,2.753935241699218750e+02,1.553906097412109375e+02,2.866982116699218750e+02,1.686378021240234375e+02,2.555628356933593750e+02,1.679888153076171875e+02
4.280000000000000000e+02,2.842993164062500000e+02,8.773646545410156250e+01,0.000000000000000000e+00,0.000000000000000000e+00,2.831846618652343750e+02,8.533248901367187500e+01,0.000000000000000000e+00,0.000000000000000000e+00,2.781566162109375000e+02,8.582701110839843750e+01,2.776361389160156250e+02,9.661861419677734375e+01,2.716542053222656250e+02,9.864637756347656250e+01,0.000000000000000000e+00,0.000000000000000000e+00,2.835830688476562500e+02,1.112425994873046875e+02,0.000000000000000000e+00,0.000000000000000000e+00,2.835227355957031250e+02,9.732810211181640625e+01,2.831858825683593750e+02,1.273241577148437500e+02,2.772993774414062500e+02,1.296865844726562500e+02,2.881620483398437500e+02,1.466417388916015625e+02,2.838348388671875000e+02,1.516359710693359375e+02,2.872912597656250000e+02,1.685564727783203125e+02,2.642967224121093750e+02,1.659440155029296875e+02
4.290000000000000000e+02,0.000000000000000000e+00,0.000000000000000000e+00,0.000000000000000000e+00,0.000000000000000000e+00,2.875515441894531250e+02,8.385890197753906250e+01,0.000000000000000000e+00,0.000000000000000000e+00,2.835943603515625000e+02,8.404448699951171875e+01,2.716385803222656250e+02,9.524452972412109375e+01,2.789374389648437500e+02,9.516521453857421875e+01,0.000000000000000000e+00,0.000000000000000000e+00,2.863852844238281250e+02,1.104964752197265625e+02,0.000000000000000000e+00,0.000000000000000000e+00,2.869974365234375000e+02,9.673521423339843750e+01,2.766687927246093750e+02,1.263842926025390625e+02,2.825032348632812500e+02,1.263580322265625000e+02,2.877187500000000000e+02,1.476197357177734375e+02,2.888829956054687500e+02,1.496640625000000000e+02,2.870489501953125000e+02,1.684679718017578125e+02,2.721878967285156250e+02,1.649857788085937500e+02
4.300000000000000000e+02,2.919986572265625000e+02,8.601873016357421875e+01,0.000000000000000000e+00,0.000000000000000000e+00,2.910853881835937500e+02,8.382128906250000000e+01,0.000000000000000000e+00,0.000000000000000000e+00,2.857905883789062500e+02,8.381077575683593750e+01,2.766557617187500000e+02,9.471740722656250000e+01,2.793762817382812500e+02,9.625335693359375000e+01,0.000000000000000000e+00,0.000000000000000000e+00,2.898811645507812500e+02,1.100418853759765625e+02,0.000000000000000000e+00,0.000000000000000000e+00,2.907704467773437500e+02,9.589126586914062500e+01,2.834458312988281250e+02,1.246677246093750000e+02,2.849334716796875000e+02,1.251149444580078125e+02,2.882359924316406250e+02,1.446581573486328125e+02,2.928409423828125000e+02,1.475249481201171875e+02,2.848839721679687500e+02,1.644096527099609375e+02,2.840285339355468750e+02,1.677451782226562500e+02
4.310000000000000000e+02,2.956678161621093750e+02,8.549608612060546875e+01,0.000000000000000000e+00,0.000000000000000000e+00,2.945042114257812500e+02,8.301278686523437500e+01,0.000000000000000000e+00,0.000000000000000000e+00,2.893238830566406250e+02,8.306121063232421875e+01,2.827856750488281250e+02,9.402925109863281250e+01,2.831123657226562500e+02,9.520542907714843750e+01,0.000000000000000000e+00,0.000000000000000000e+00,2.936619567871093750e+02,1.095167541503906250e+02,0.000000000000000000e+00,0.000000000000000000e+00,2.944947204589843750e+02,9.584729766845703125e+01,2.866533508300781250e+02,1.242121276855468750e+02,2.895123901367187500e+02,1.244498291015625000e+02,2.891210632324218750e+02,1.457778625488281250e+02,3.016994018554687500e+02,1.463303375244140625e+02,2.872001037597656250e+02,1.677814178466796875e+02,2.916341247558593750e+02,1.672535858154296875e+02
4.320000000000000000e+02,2.992150878906250000e+02,8.571956634521484375e+01,0.000000000000000000e+00,0.000000000000000000e+00,2.984159240722656250e+02,8.333594512939453125e+01,0.000000000000000000e+00,0.000000000000000000e+00,2.930060729980468750e+02,8.282672119140625000e+01,2.862875671386718750e+02,9.396784210205078125e+01,2.868449096679687500e+02,9.508141326904296875e+01,0.000000000000000000e+00,0.000000000000000000e+00,2.953135375976562500e+02,1.074999618530273438e+02,0.000000000000000000e+00,0.000000000000000000e+00,3.056455078125000000e+02,1.146159439086914062e+02,2.895020141601562500e+02,1.252472915649414062e+02,2.929041748046875000e+02,1.255760650634765625e+02,2.896762695312500000e+02,1.461769866943359375e+02,3.063484497070312500e+02,1.459552307128906250e+02,2.869069824218750000e+02,1.684907989501953125e+02,3.035106811523437500e+02,1.687209167480468750e+02
4.330000000000000000e+02,3.074334411621093750e+02,8.638636779785156250e+01,0.000000000000000000e+00,0.000000000000000000e+00,3.064953613281250000e+02,8.393060302734375000e+01,0.000000000000000000e+00,0.000000000000000000e+00,3.018776550292968750e+02,8.367936706542968750e+01,2.966664123535156250e+02,9.423915100097656250e+01,2.944918823242187500e+02,9.508436584472656250e+01,3.064042968750000000e+02,1.049646911621093750e+02,3.038674621582031250e+02,1.081285095214843750e+02,3.205169677734375000e+02,1.052196197509765625e+02,3.053695983886718750e+02,9.520738983154296875e+01,2.990559997558593750e+02,1.259278564453125000e+02,3.001451416015625000e+02,1.261514358520507812e+02,2.933941650390625000e+02,1.465091400146484375e+02,3.127379455566406250e+02,1.470770416259765625e+02,2.875863037109375000e+02,1.681378936767578125e+02,3.231719970703125000e+02,1.677911224365234375e+02
4.340000000000000000e+02,3.120284729003906250e+02,8.669506072998046875e+01,0.000000000000000000e+00,0.000000000000000000e+00,3.106647949218750000e+02,8.424141693115234375e+01,0.000000000000000000e+00,0.000000000000000000e+00,3.058558349609375000e+02,8.446074676513671875e+01,3.039585266113281250e+02,9.467154693603515625e+01,2.983968505859375000e+02,9.605676269531250000e+01,3.118140258789062500e+02,1.029853515625000000e+02,3.081565856933593750e+02,1.088713607788085938e+02,3.250509948730468750e+02,1.008164749145507812e+02,3.102071533203125000e+02,9.769976806640625000e+01,3.024546203613281250e+02,1.265801620483398438e+02,3.043725891113281250e+02,1.266954574584960938e+02,2.959437561035156250e+02,1.467564392089843750e+02,3.159077758789062500e+02,1.478906402587890625e+02,2.880541687011718750e+02,1.678273315429687500e+02,3.300527343750000000e+02,1.666002960205078125e+02
4.350000000000000000e+02,3.159724121093750000e+02,8.673129272460937500e+01,0.000000000000000000e+00,0.000000000000000000e+00,3.147379150390625000e+02,8.413693237304687500e+01,0.000000000000000000e+00,0.000000000000000000e+00,3.099678955078125000e+02,8.440640258789062500e+01,3.100013732910156250e+02,9.414523315429687500e+01,3.028278503417968750e+02,9.611596679687500000e+01,3.167646179199218750e+02,1.019224777221679688e+02,3.130693054199218750e+02,1.090996551513671875e+02,3.287801818847656250e+02,9.670956420898437500e+01,3.144262695312500000e+02,9.864212799072265625e+01,3.068767089843750000e+02,1.256684341430664062e+02,3.090879821777343750e+02,1.263989944458007812e+02,2.997853088378906250e+02,1.461010742187500000e+02,3.203473205566406250e+02,1.468156127929687500e+02,2.889339599609375000e+02,1.663634490966796875e+02,3.328170166015625000e+02,1.661391754150390625e+02
4.360000000000000000e+02,3.197286376953125000e+02,8.676000213623046875e+01,3.197055969238281250e+02,8.397769165039062500e+01,3.181913757324218750e+02,8.452798461914062500e+01,0.000000000000000000e+00,0.000000000000000000e+00,3.133569335937500000e+02,8.508264160156250000e+01,3.138611145019531250e+02,9.472557830810546875e+01,3.067771606445312500e+02,9.661975860595703125e+01,3.195532531738281250e+02,1.026859207153320312e+02,3.143391723632812500e+02,1.081100540161132812e+02,3.297230834960937500e+02,9.565784454345703125e+01,3.203660278320312500e+02,9.874472808837890625e+01,3.108975830078125000e+02,1.268795928955078125e+02,3.140321655273437500e+02,1.272628097534179688e+02,3.045241088867187500e+02,1.466031646728515625e+02,3.256965942382812500e+02,1.478031921386718750e+02,2.907430114746093750e+02,1.640482940673828125e+02,3.351088256835937500e+02,1.663422393798828125e+02
4.370000000000000000e+02,3.250054016113281250e+02,8.669053649902343750e+01,0.000000000000000000e+00,0.000000000000000000e+00,3.237042541503906250e+02,8.424382019042968750e+01,0.000000000000000000e+00,0.000000000000000000e+00,3.192060852050781250e+02,8.426898193359375000e+01,3.174982604980468750e+02,9.412632751464843750e+01,3.114449157714843750e+02,9.610166168212890625e+01,3.243569946289062500e+02,1.036854476928710938e+02,3.212321166992187500e+02,1.084519195556640625e+02,3.321490783691406250e+02,9.400579833984375000e+01,3.252715454101562500e+02,9.688751983642578125e+01,3.148465576171875000e+02,1.263101959228515625e+02,3.194141540527343750e+02,1.266492919921875000e+02,3.129906616210937500e+02,1.461196746826171875e+02,3.304722595214843750e+02,1.475355987548828125e+02,2.958862915039062500e+02,1.612973785400390625e+02,3.355034484863281250e+02,1.673269348144531250e+02
4.380000000000000000e+02,3.289823913574218750e+02,8.648956298828125000e+01,0.000000000000000000e+00,0.000000000000000000e+00,3.279992370605468750e+02,8.409718322753906250e+01,0.000000000000000000e+00,0.000000000000000000e+00,3.233417053222656250e+02,8.384906768798828125e+01,3.211029968261718750e+02,9.408287048339843750e+01,3.160470886230468750e+02,9.566841888427734375e+01,3.284055786132812500e+02,1.068046951293945312e+02,3.269528503417968750e+02,1.092743835449218750e+02,3.314230957031250000e+02,9.592671203613281250e+01,3.290133056640625000e+02,9.729193878173828125e+01,3.239382629394531250e+02,1.254089202880859375e+02,3.222509460449218750e+02,1.259474334716796875e+02,3.205704956054687500e+02,1.462206573486328125e+02,3.331217041015625000e+02,1.470816955566406250e+02,3.021749267578125000e+02,1.597829437255859375e+02,3.361427001953125000e+02,1.675970153808593750e+02
4.390000000000000000e+02,0.000000000000000000e+00,0.000000000000000000e+00,0.000000000000000000e+00,0.000000000000000000e+00,0.000000000000000000e+00,0.000000000000000000e+00,0.000000000000000000e+00,0.000000000000000000e+00,3.287068481445312500e+02,8.359484863281250000e+01,3.231376037597656250e+02,9.350025177001953125e+01,3.200895385742187500e+02,9.496527862548828125e+01,0.000000000000000000e+00,0.000000000000000000e+00,3.319461669921875000e+02,1.091194000244140625e+02,0.000000000000000000e+00,0.000000000000000000e+00,3.324079895019531250e+02,9.552593994140625000e+01,3.254214477539062500e+02,1.242350921630859375e+02,3.272776794433593750e+02,1.245800781250000000e+02,3.277659606933593750e+02,1.444378204345703125e+02,3.351455078125000000e+02,1.465239868164062500e+02,3.093836975097656250e+02,1.582151947021484375e+02,3.361991882324218750e+02,1.674034271240234375e+02
4.400000000000000000e+02,0.000000000000000000e+00,0.000000000000000000e+00,0.000000000000000000e+00,0.000000000000000000e+00,3.368264465332031250e+02,8.241088104248046875e+01,0.000000000000000000e+00,0.000000000000000000e+00,3.316636352539062500e+02,8.259274291992187500e+01,3.243976440429687500e+02,9.296618652343750000e+01,3.244924926757812500e+02,9.471643066406250000e+01,0.000000000000000000e+00,0.000000000000000000e+00,3.353467407226562500e+02,1.079300765991210938e+02,0.000000000000000000e+00,0.000000000000000000e+00,3.359714660644531250e+02,9.486700439453125000e+01,3.287957458496093750e+02,1.234596481323242188e+02,3.308948669433593750e+02,1.240363006591796875e+02,3.340828857421875000e+02,1.431268463134765625e+02,3.363162841796875000e+02,1.455733642578125000e+02,3.173865356445312500e+02,1.569734191894531250e+02,3.362274780273437500e+02,1.676436462402343750e+02
4.410000000000000000e+02,3.425619201660156250e+02,8.354873657226562500e+01,0.000000000000000000e+00,0.000000000000000000e+00,3.410845947265625000e+02,8.127978515625000000e+01,0.000000000000000000e+00,0.000000000000000000e+00,3.363698120117187500e+02,8.215629577636718750e+01,3.296954650878906250e+02,9.156022644042968750e+01,3.285933227539062500e+02,9.362295532226562500e+01,0.000000000000000000e+00,0.000000000000000000e+00,3.399152221679687500e+02,1.078246612548828125e+02,0.000000000000000000e+00,0.000000000000000000e+00,3.400828857421875000e+02,9.328382110595703125e+01,3.372174682617187500e+02,1.211552047729492188e+02,3.329790039062500000e+02,1.224977722167968750e+02,3.414453735351562500e+02,1.407816467285156250e+02,3.379092407226562500e+02,1.441465759277343750e+02,3.270841674804687500e+02,1.571942291259765625e+02,3.368853149414062500e+02,1.669944458007812500e+02
4.420000000000000000e+02,0.000000000000000000e+00,0.000000000000000000e+00,0.000000000000000000e+00,0.000000000000000000e+00,3.450576477050781250e+02,8.105178070068359375e+01,0.000000000000000000e+00,0.000000000000000000e+00,3.401767578125000000e+02,8.124623870849609375e+01,3.336699523925781250e+02,9.072110748291015625e+01,3.325048828125000000e+02,9.259728240966796875e+01,0.000000000000000000e+00,0.000000000000000000e+00,3.438666381835937500e+02,1.068131790161132812e+02,0.000000000000000000e+00,0.000000000000000000e+00,3.437649536132812500e+02,9.261363220214843750e+01,3.406081542968750000e+02,1.213129959106445312e+02,3.367396850585937500e+02,1.223127670288085938e+02,3.463747863769531250e+02,1.394765625000000000e+02,3.390754089355468750e+02,1.438181610107421875e+02,3.360532836914062500e+02,1.594374542236328125e+02,3.366589965820312500e+02,1.658667144775390625e+02
4.430000000000000000e+02,3.502886657714843750e+02,8.370537567138671875e+01,0.000000000000000000e+00,0.000000000000000000e+00,3.488192138671875000e+02,8.131381225585937500e+01,0.000000000000000000e+00,0.000000000000000000e+00,3.428718261718750000e+02,8.151123809814453125e+01,3.383036499023437500e+02,9.057461547851562500e+01,3.359308776855468750e+02,9.176047515869140625e+01,0.000000000000000000e+00,0.000000000000000000e+00,3.476716003417968750e+02,1.066166992187500000e+02,0.000000000000000000e+00,0.000000000000000000e+00,3.470646362304687500e+02,9.281315612792968750e+01,3.452224121093750000e+02,1.202507400512695312e+02,3.401506958007812500e+02,1.217629241943359375e+02,3.516532592773437500e+02,1.386736297607421875e+02,3.397303771972656250e+02,1.446057434082031250e+02,3.462926025390625000e+02,1.606242218017578125e+02,3.361105957031250000e+02,1.669788970947265625e+02
4.440000000000000000e+02,3.535027465820312500e+02,8.336400604248046875e+01,0.000000000000000000e+00,0.000000000000000000e+00,3.523788146972656250e+02,8.109045410156250000e+01,0.000000000000000000e+00,0.000000000000000000e+00,3.479789123535156250e+02,8.099829864501953125e+01,3.426093750000000000e+02,9.065927124023437500e+01,3.400354614257812500e+02,9.189122772216796875e+01,0.000000000000000000e+00,0.000000000000000000e+00,3.516817626953125000e+02,1.064186630249023438e+02,0.000000000000000000e+00,0.000000000000000000e+00,3.509137573242187500e+02,9.343049621582031250e+01,3.489237365722656250e+02,1.211259460449218750e+02,3.435907287597656250e+02,1.220321197509765625e+02,3.559514770507812500e+02,1.382599792480468750e+02,3.412711181640625000e+02,1.448254852294921875e+02,3.562756042480468750e+02,1.612355957031250000e+02,3.365183410644531250e+02,1.673412933349609375e+02
4.450000000000000000e+02,0.000000000000000000e+00,0.000000000000000000e+00,0.000000000000000000e+00,0.000000000000000000e+00,3.569160766601562500e+02,8.167424011230468750e+01,0.000000000000000000e+00,0.000000000000000000e+00,3.522238464355468750e+02,8.168848419189453125e+01,3.440634155273437500e+02,9.075776672363281250e+01,3.442334594726562500e+02,9.285167694091796875e+01,0.000000000000000000e+00,0.000000000000000000e+00,3.560670776367187500e+02,1.069821319580078125e+02,0.000000000000000000e+00,0.000000000000000000e+00,3.549801635742187500e+02,9.281410217285156250e+01,3.518969726562500000e+02,1.210190887451171875e+02,3.469172363281250000e+02,1.219710388183593750e+02,3.595479736328125000e+02,1.388344268798828125e+02,3.430846557617187500e+02,1.439633789062500000e+02,3.662533874511718750e+02,1.595623626708984375e+02,3.367202758789062500e+02,1.664698944091796875e+02
4.460000000000000000e+02,0.000000000000000000e+00,0.000000000000000000e+00,0.000000000000000000e+00,0.000000000000000000e+00,3.611942749023437500e+02,8.197048187255859375e+01,0.000000000000000000e+00,0.000000000000000000e+00,3.564351501464843750e+02,8.180647277832031250e+01,3.482763366699218750e+02,9.085425567626953125e+01,3.482967834472656250e+02,9.294837951660156250e+01,0.000000000000000000e+00,0.000000000000000000e+00,3.600188598632812500e+02,1.076237335205078125e+02,0.000000000000000000e+00,0.000000000000000000e+00,3.591295776367187500e+02,9.294332122802734375e+01,3.552894897460937500e+02,1.218952026367187500e+02,3.516654052734375000e+02,1.225120468139648438e+02,3.632062072753906250e+02,1.412816162109375000e+02,3.452406616210937500e+02,1.456187591552734375e+02,3.747941894531250000e+02,1.587883148193359375e+02,3.370442199707031250e+02,1.665866241455078125e+02
4.470000000000000000e+02,3.659965515136718750e+02,8.438632965087890625e+01,0.000000000000000000e+00,0.000000000000000000e+00,3.651913452148437500e+02,8.209920501708984375e+01,0.000000000000000000e+00,0.000000000000000000e+00,3.601992797851562500e+02,8.178401947021484375e+01,3.538616333007812500e+02,9.166327667236328125e+01,3.521462097167968750e+02,9.331589508056640625e+01,0.000000000000000000e+00,0.000000000000000000e+00,3.637427062988281250e+02,1.073274307250976562e+02,0.000000000000000000e+00,0.000000000000000000e+00,3.634351196289062500e+02,9.340193176269531250e+01,3.595139770507812500e+02,1.226659240722656250e+02,3.557991333007812500e+02,1.236435165405273438e+02,3.670292053222656250e+02,1.411801147460937500e+02,3.483559265136718750e+02,1.457750701904296875e+02,3.788248291015625000e+02,1.579668121337890625e+02,3.376943664550781250e+02,1.658213195800781250e+02
4.480000000000000000e+02,3.702775878906250000e+02,8.417986297607421875e+01,0.000000000000000000e+00,0.000000000000000000e+00,3.693233032226562500e+02,8.155928039550781250e+01,0.000000000000000000e+00,0.000000000000000000e+00,3.637400512695312500e+02,8.152816772460937500e+01,3.566070556640625000e+02,9.092936706542968750e+01,3.563220520019531250e+02,9.310556030273437500e+01,0.000000000000000000e+00,0.000000000000000000e+00,3.666285400390625000e+02,1.075729675292968750e+02,0.000000000000000000e+00,0.000000000000000000e+00,3.670000915527343750e+02,9.379547882080078125e+01,3.647703247070312500e+02,1.222503509521484375e+02,3.604603881835937500e+02,1.233626098632812500e+02,3.716134948730468750e+02,1.406225891113281250e+02,3.531206359863281250e+02,1.457236175537109375e+02,3.813071899414062500e+02,1.592866973876953125e+02,3.388498535156250000e+02,1.649207305908203125e+02
4.490000000000000000e+02,3.742292785644531250e+02,8.322682189941406250e+01,0.000000000000000000e+00,0.000000000000000000e+00,3.729573364257812500e+02,8.094094085693359375e+01,0.000000000000000000e+00,0.000000000000000000e+00,3.678536987304687500e+02,8.093578338623046875e+01,3.622973022460937500e+02,9.101956176757812500e+01,3.600776062011718750e+02,9.263272094726562500e+01,0.000000000000000000e+00,0.000000000000000000e+00,3.709379882812500000e+02,1.074143676757812500e+02,0.000000000000000000e+00,0.000000000000000000e+00,3.710279235839843750e+02,9.354616546630859375e+01,3.697643737792968750e+02,1.221204452514648438e+02,3.649144897460937500e+02,1.230392990112304688e+02,3.768929138183593750e+02,1.403479614257812500e+02,3.586296997070312500e+02,1.461136627197265625e+02,3.828553466796875000e+02,1.602709960937500000e+02,3.424342346191406250e+02,1.632780914306640625e+02
4.500000000000000000e+02,3.777653808593750000e+02,8.320307922363281250e+01,0.000000000000000000e+00,0.000000000000000000e+00,3.766812133789062500e+02,8.098609161376953125e+01,0.000000000000000000e+00,0.000000000000000000e+00,3.715840148925781250e+02,8.094467926025390625e+01,3.653256835937500000e+02,9.119656372070312500e+01,3.640929565429687500e+02,9.245448303222656250e+01,0.000000000000000000e+00,0.000000000000000000e+00,3.749307250976562500e+02,1.072525711059570312e+02,0.000000000000000000e+00,0.000000000000000000e+00,3.745611267089843750e+02,9.376207733154296875e+01,3.742820129394531250e+02,1.219526062011718750e+02,3.694320678710937500e+02,1.232778549194335938e+02,3.805375366210937500e+02,1.391621093750000000e+02,3.669615173339843750e+02,1.470044708251953125e+02,3.831540222167968750e+02,1.607116851806640625e+02,3.475265197753906250e+02,1.616393890380859375e+02
4.510000000000000000e+02,0.000000000000000000e+00,0.000000000000000000e+00,0.000000000000000000e+00,0.000000000000000000e+00,3.807156982421875000e+02,8.035150909423828125e+01,0.000000000000000000e+00,0.000000000000000000e+00,3.757748107910156250e+02,7.997304534912109375e+01,3.701758422851562500e+02,9.044288635253906250e+01,3.678374328613281250e+02,9.166274261474609375e+01,0.000000000000000000e+00,0.000000000000000000e+00,3.780149841308593750e+02,1.053924713134765625e+02,0.000000000000000000e+00,0.000000000000000000e+00,3.790317993164062500e+02,9.329517364501953125e+01,3.782286987304687500e+02,1.213118438720703125e+02,3.728225402832031250e+02,1.227726593017578125e+02,3.827791137695312500e+02,1.401692810058593750e+02,3.745862426757812500e+02,1.463585052490234375e+02,3.834398193359375000e+02,1.599676055908203125e+02,3.543624572753906250e+02,1.593077087402343750e+02
4.520000000000000000e+02,3.853287658691406250e+02,8.153099060058593750e+01,0.000000000000000000e+00,0.000000000000000000e+00,3.845437316894531250e+02,7.925882720947265625e+01,0.000000000000000000e+00,0.000000000000000000e+00,3.797177734375000000e+02,7.894136047363281250e+01,3.739799804687500000e+02,8.888545227050781250e+01,3.715630798339843750e+02,9.000900268554687500e+01,0.000000000000000000e+00,0.000000000000000000e+00,3.796375122070312500e+02,1.045712509155273438e+02,0.000000000000000000e+00,0.000000000000000000e+00,3.826309509277343750e+02,9.242658996582031250e+01,3.810065307617187500e+02,1.193681106567382812e+02,3.761941833496093750e+02,1.209298706054687500e+02,3.848757934570312500e+02,1.390580139160156250e+02,3.815174560546875000e+02,1.443512725830078125e+02,3.835700378417968750e+02,1.599338226318359375e+02,3.624326171875000000e+02,1.570363006591796875e+02
4.530000000000000000e+02,0.000000000000000000e+00,0.000000000000000000e+00,0.000000000000000000e+00,0.000000000000000000e+00,0.000000000000000000e+00,0.000000000000000000e+00,0.000000000000000000e+00,0.000000000000000000e+00,3.846262817382812500e+02,7.756668853759765625e+01,3.768092651367187500e+02,8.674054718017578125e+01,3.760716552734375000e+02,8.840439605712890625e+01,0.000000000000000000e+00,0.000000000000000000e+00,3.842716369628906250e+02,1.037029418945312500e+02,0.000000000000000000e+00,0.000000000000000000e+00,3.861487426757812500e+02,9.231799316406250000e+01,3.794055480957031250e+02,1.166354217529296875e+02,3.811030273437500000e+02,1.171656723022460938e+02,3.853840637207031250e+02,1.401398162841796875e+02,3.872433471679687500e+02,1.419889373779296875e+02,3.836613159179687500e+02,1.605664215087890625e+02,3.702200317382812500e+02,1.571521911621093750e+02
4.540000000000000000e+02,0.000000000000000000e+00,0.000000000000000000e+00,0.000000000000000000e+00,0.000000000000000000e+00,0.000000000000000000e+00,0.000000000000000000e+00,0.000000000000000000e+00,0.000000000000000000e+00,3.876618347167968750e+02,7.740063476562500000e+01,3.833178100585937500e+02,8.632029724121093750e+01,3.789436950683593750e+02,8.801134490966796875e+01,0.000000000000000000e+00,0.000000000000000000e+00,3.854909057617187500e+02,1.031677932739257812e+02,0.000000000000000000e+00,0.000000000000000000e+00,3.903165283203125000e+02,9.168384552001953125e+01,3.865221252441406250e+02,1.160711441040039062e+02,3.831760253906250000e+02,1.169739837646484375e+02,3.911683044433593750e+02,1.384529113769531250e+02,3.880778503417968750e+02,1.386030426025390625e+02,3.821843261718750000e+02,1.573901519775390625e+02,3.817629394531250000e+02,1.601109313964843750e+02
4.550000000000000000e+02,3.958360290527343750e+02,7.983155822753906250e+01,0.000000000000000000e+00,0.000000000000000000e+00,3.953102416992187500e+02,7.761260223388671875e+01,0.000000000000000000e+00,0.000000000000000000e+00,3.914591674804687500e+02,7.713000488281250000e+01,3.860408935546875000e+02,8.565377044677734375e+01,3.824944152832031250e+02,8.713395690917968750e+01,0.000000000000000000e+00,0.000000000000000000e+00,3.897249450683593750e+02,1.020820541381835938e+02,0.000000000000000000e+00,0.000000000000000000e+00,3.940939025878906250e+02,9.114481353759765625e+01,3.876555175781250000e+02,1.160910339355468750e+02,3.868925476074218750e+02,1.166458816528320312e+02,3.858889770507812500e+02,1.376264801025390625e+02,3.982865905761718750e+02,1.388401794433593750e+02,3.838945922851562500e+02,1.595712127685546875e+02,3.872461547851562500e+02,1.597331695556640625e+02
4.560000000000000000e+02,3.980034484863281250e+02,7.997653961181640625e+01,3.993584289550781250e+02,7.747644042968750000e+01,3.970491333007812500e+02,7.708096313476562500e+01,0.000000000000000000e+00,0.000000000000000000e+00,3.940836791992187500e+02,7.674095916748046875e+01,3.887473144531250000e+02,8.597298431396484375e+01,3.864620056152343750e+02,8.726638793945312500e+01,0.000000000000000000e+00,0.000000000000000000e+00,3.916563110351562500e+02,1.017188415527343750e+02,0.000000000000000000e+00,0.000000000000000000e+00,3.974618835449218750e+02,9.220670318603515625e+01,3.894933776855468750e+02,1.167547454833984375e+02,3.908071899414062500e+02,1.168170089721679688e+02,4.026026000976562500e+02,1.381939544677734375e+02,3.868021240234375000e+02,1.390255584716796875e+02,3.992761840820312500e+02,1.614788818359375000e+02,3.834757080078125000e+02,1.606472778320312500e+02
4.570000000000000000e+02,0.000000000000000000e+00,0.000000000000000000e+00,0.000000000000000000e+00,0.000000000000000000e+00,4.070760192871093750e+02,7.924478912353515625e+01,0.000000000000000000e+00,0.000000000000000000e+00,4.035688476562500000e+02,7.772817993164062500e+01,3.961736755371093750e+02,8.621450805664062500e+01,3.950291442871093750e+02,8.715848541259765625e+01,0.000000000000000000e+00,0.000000000000000000e+00,4.006513977050781250e+02,1.029649810791015625e+02,0.000000000000000000e+00,0.000000000000000000e+00,4.061216735839843750e+02,9.399336242675781250e+01,3.945180053710937500e+02,1.177833938598632812e+02,3.987816162109375000e+02,1.180660781860351562e+02,3.896825256347656250e+02,1.389205627441406250e+02,4.090559082031250000e+02,1.401228485107421875e+02,3.841245117187500000e+02,1.599111633300781250e+02,4.189528198242187500e+02,1.595838470458984375e+02
4.580000000000000000e+02,4.123766174316406250e+02,8.349865722656250000e+01,0.000000000000000000e+00,0.000000000000000000e+00,4.119712829589843750e+02,8.072678375244140625e+01,0.000000000000000000e+00,0.000000000000000000e+00,4.077850341796875000e+02,7.891019439697265625e+01,3.981000976562500000e+02,8.757627105712890625e+01,3.991723632812500000e+02,8.865693664550781250e+01,0.000000000000000000e+00,0.000000000000000000e+00,4.052442016601562500e+02,1.042609481811523438e+02,0.000000000000000000e+00,0.000000000000000000e+00,4.101163024902343750e+02,9.449612426757812500e+01,3.973944091796875000e+02,1.200862808227539062e+02,4.030193786621093750e+02,1.204030227661132812e+02,3.916804504394531250e+02,1.400650939941406250e+02,4.125892333984375000e+02,1.409169311523437500e+02,3.842109680175781250e+02,1.598011932373046875e+02,4.246458740234375000e+02,1.590997772216796875e+02
4.590000000000000000e+02,4.164037475585937500e+02,8.322000885009765625e+01,0.000000000000000000e+00,0.000000000000000000e+00,4.158704528808593750e+02,8.028188323974609375e+01,0.000000000000000000e+00,0.000000000000000000e+00,4.115449523925781250e+02,7.890601348876953125e+01,4.034136352539062500e+02,8.746198272705078125e+01,4.030352478027343750e+02,8.900927734375000000e+01,0.000000000000000000e+00,0.000000000000000000e+00,4.097317504882812500e+02,1.040108718872070312e+02,0.000000000000000000e+00,0.000000000000000000e+00,4.124249572753906250e+02,9.419299316406250000e+01,4.007447509765625000e+02,1.186850280761718750e+02,4.067613830566406250e+02,1.190022964477539062e+02,3.954261169433593750e+02,1.388683929443359375e+02,4.167099609375000000e+02,1.396962280273437500e+02,3.848789672851562500e+02,1.591226959228515625e+02,4.269736633300781250e+02,1.593891448974609375e+02
4.600000000000000000e+02,4.205894775390625000e+02,8.346903991699218750e+01,0.000000000000000000e+00,0.000000000000000000e+00,4.204679565429687500e+02,8.075903320312500000e+01,0.000000000000000000e+00,0.000000000000000000e+00,4.160525512695312500e+02,7.950181579589843750e+01,4.051489257812500000e+02,8.781532287597656250e+01,4.074852294921875000e+02,8.914780426025390625e+01,0.000000000000000000e+00,0.000000000000000000e+00,4.127252197265625000e+02,1.020035858154296875e+02,0.000000000000000000e+00,0.000000000000000000e+00,4.218294677734375000e+02,1.046019973754882812e+02,4.046543884277343750e+02,1.199246597290039062e+02,4.119138488769531250e+02,1.202870635986328125e+02,4.003898620605468750e+02,1.393921661376953125e+02,4.218323669433593750e+02,1.404996185302734375e+02,3.863014526367187500e+02,1.578095245361328125e+02,4.289450683593750000e+02,1.599065246582031250e+02
4.610000000000000000e+02,0.000000000000000000e+00,0.000000000000000000e+00,0.000000000000000000e+00,0.000000000000000000e+00,4.241920471191406250e+02,8.036281585693359375e+01,0.000000000000000000e+00,0.000000000000000000e+00,4.214768066406250000e+02,7.905390167236328125e+01,4.104993286132812500e+02,8.709204864501953125e+01,4.124770507812500000e+02,8.845791625976562500e+01,0.000000000000000000e+00,0.000000000000000000e+00,4.189604492187500000e+02,1.036071243286132812e+02,4.249694519042968750e+02,1.069775314331054688e+02,4.210611572265625000e+02,9.169787597656250000e+01,4.102644348144531250e+02,1.184463653564453125e+02,4.163579101562500000e+02,1.188596496582031250e+02,4.080697326660156250e+02,1.384694824218750000e+02,4.254375610351562500e+02,1.396967773437500000e+02,3.907990112304687500e+02,1.545056152343750000e+02,4.294975585937500000e+02,1.600763092041015625e+02
4.620000000000000000e+02,0.000000000000000000e+00,0.000000000000000000e+00,0.000000000000000000e+00,0.000000000000000000e+00,0.000000000000000000e+00,0.000000000000000000e+00,0.000000000000000000e+00,0.000000000000000000e+00,4.255354003906250000e+02,7.881650543212890625e+01,4.145877685546875000e+02,8.692170715332031250e+01,4.168202514648437500e+02,8.861352539062500000e+01,0.000000000000000000e+00,0.000000000000000000e+00,4.224720764160156250e+02,1.023590393066406250e+02,0.000000000000000000e+00,0.000000000000000000e+00,4.255255737304687500e+02,9.147595214843750000e+01,4.140779724121093750e+02,1.188679580688476562e+02,4.202111206054687500e+02,1.188561782836914062e+02,4.155312500000000000e+02,1.381950378417968750e+02,4.284415588378906250e+02,1.398102874755859375e+02,3.964906005859375000e+02,1.525708770751953125e+02,4.300585632324218750e+02,1.603036346435546875e+02
4.630000000000000000e+02,0.000000000000000000e+00,0.000000000000000000e+00,0.000000000000000000e+00,0.000000000000000000e+00,0.000000000000000000e+00,0.000000000000000000e+00,0.000000000000000000e+00,0.000000000000000000e+00,4.286986999511718750e+02,7.879306030273437500e+01,4.193593139648437500e+02,8.613896179199218750e+01,4.204522705078125000e+02,8.790458679199218750e+01,0.000000000000000000e+00,0.000000000000000000e+00,4.277096557617187500e+02,1.028352584838867188e+02,0.000000000000000000e+00,0.000000000000000000e+00,4.294956359863281250e+02,9.099682617187500000e+01,4.193428955078125000e+02,1.172277908325195312e+02,4.234384155273437500e+02,1.180240707397460938e+02,4.221643066406250000e+02,1.372665557861328125e+02,4.302662353515625000e+02,1.393306121826171875e+02,4.044166259765625000e+02,1.498217163085937500e+02,4.304360046386718750e+02,1.601266632080078125e+02
4.640000000000000000e+02,0.000000000000000000e+00,0.000000000000000000e+00,0.000000000000000000e+00,0.000000000000000000e+00,4.373651428222656250e+02,7.818792724609375000e+01,0.000000000000000000e+00,0.000000000000000000e+00,4.331009521484375000e+02,7.757543182373046875e+01,4.216707763671875000e+02,8.403850555419921875e+01,4.247453613281250000e+02,8.646387481689453125e+01,0.000000000000000000e+00,0.000000000000000000e+00,4.319882507324218750e+02,1.021464233398437500e+02,0.000000000000000000e+00,0.000000000000000000e+00,4.343004455566406250e+02,8.950926208496093750e+01,4.211753540039062500e+02,1.145970153808593750e+02,4.270054626464843750e+02,1.154063568115234375e+02,4.291103515625000000e+02,1.344521331787109375e+02,4.316838989257812500e+02,1.369131317138671875e+02,4.126333923339843750e+02,1.483905792236328125e+02,4.305678710937500000e+02,1.600300750732421875e+02
4.650000000000000000e+02,0.000000000000000000e+00,0.000000000000000000e+00,0.000000000000000000e+00,0.000000000000000000e+00,0.000000000000000000e+00,0.000000000000000000e+00,0.000000000000000000e+00,0.000000000000000000e+00,4.371852111816406250e+02,7.643734741210937500e+01,4.259078063964843750e+02,8.314155578613281250e+01,4.281394653320312500e+02,8.545766448974609375e+01,0.000000000000000000e+00,0.000000000000000000e+00,4.354836425781250000e+02,1.014116134643554688e+02,0.000000000000000000e+00,0.000000000000000000e+00,4.378129577636718750e+02,8.853993225097656250e+01,4.297068786621093750e+02,1.138314208984375000e+02,4.294194030761718750e+02,1.148106079101562500e+02,4.357185058593750000e+02,1.331728363037109375e+02,4.328066101074218750e+02,1.360933074951171875e+02,4.200807189941406250e+02,1.492807006835937500e+02,4.308850097656250000e+02,1.592830200195312500e+02
4.660000000000000000e+02,0.000000000000000000e+00,0.000000000000000000e+00,0.000000000000000000e+00,0.000000000000000000e+00,0.000000000000000000e+00,0.000000000000000000e+00,0.000000000000000000e+00,0.000000000000000000e+00,4.402694702148437500e+02,7.583058929443359375e+01,4.323695068359375000e+02,8.321222686767578125e+01,4.316206970214843750e+02,8.528559875488281250e+01,0.000000000000000000e+00,0.000000000000000000e+00,4.374926757812500000e+02,1.003239898681640625e+02,0.000000000000000000e+00,0.000000000000000000e+00,4.414695434570312500e+02,8.849000549316406250e+01,4.335183105468750000e+02,1.120701446533203125e+02,4.320268249511718750e+02,1.130434875488281250e+02,4.408655395507812500e+02,1.311353302001953125e+02,4.340220642089843750e+02,1.348944854736328125e+02,4.286254577636718750e+02,1.506253509521484375e+02,4.306218872070312500e+02,1.586976928710937500e+02
4.670000000000000000e+02,0.000000000000000000e+00,0.000000000000000000e+00,0.000000000000000000e+00,0.000000000000000000e+00,0.000000000000000000e+00,0.000000000000000000e+00,0.000000000000000000e+00,0.000000000000000000e+00,4.455400695800781250e+02,7.543231201171875000e+01,4.342865600585937500e+02,8.259766387939453125e+01,4.358283386230468750e+02,8.412479400634765625e+01,0.000000000000000000e+00,0.000000000000000000e+00,4.416233520507812500e+02,1.000244979858398438e+02,0.000000000000000000e+00,0.000000000000000000e+00,4.440182495117187500e+02,8.949259948730468750e+01,4.386903686523437500e+02,1.125978927612304688e+02,4.364190368652343750e+02,1.132353820800781250e+02,4.455558166503906250e+02,1.313403015136718750e+02,4.357690734863281250e+02,1.362600555419921875e+02,4.374294128417968750e+02,1.523260040283203125e+02,4.305170898437500000e+02,1.588941650390625000e+02
4.680000000000000000e+02,0.000000000000000000e+00,0.000000000000000000e+00,0.000000000000000000e+00,0.000000000000000000e+00,0.000000000000000000e+00,0.000000000000000000e+00,0.000000000000000000e+00,0.000000000000000000e+00,4.490115661621093750e+02,7.588964843750000000e+01,4.394942626953125000e+02,8.396193695068359375e+01,4.399917297363281250e+02,8.565552520751953125e+01,0.000000000000000000e+00,0.000000000000000000e+00,4.466808166503906250e+02,1.007669067382812500e+02,0.000000000000000000e+00,0.000000000000000000e+00,4.490742187500000000e+02,8.835810089111328125e+01,4.433893737792968750e+02,1.131571960449218750e+02,4.400075683593750000e+02,1.139232177734375000e+02,4.500018005371093750e+02,1.315581512451171875e+02,4.376441040039062500e+02,1.360768585205078125e+02,4.484326171875000000e+02,1.541125793457031250e+02,4.303848266601562500e+02,1.602168426513671875e+02
4.690000000000000000e+02,0.000000000000000000e+00,0.000000000000000000e+00,0.000000000000000000e+00,0.000000000000000000e+00,0.000000000000000000e+00,0.000000000000000000e+00,0.000000000000000000e+00,0.000000000000000000e+00,4.509396972656250000e+02,7.586554718017578125e+01,4.439930114746093750e+02,8.429829406738281250e+01,4.431463623046875000e+02,8.580924224853515625e+01,0.000000000000000000e+00,0.000000000000000000e+00,4.498619384765625000e+02,1.001746139526367188e+02,0.000000000000000000e+00,0.000000000000000000e+00,4.521413574218750000e+02,8.904830169677734375e+01,4.471037292480468750e+02,1.144648361206054688e+02,4.430536499023437500e+02,1.152693252563476562e+02,4.531795654296875000e+02,1.324039306640625000e+02,4.380230102539062500e+02,1.378117828369140625e+02,4.571271362304687500e+02,1.544475555419921875e+02,4.305988464355468750e+02,1.597460327148437500e+02
4.700000000000000000e+02,0.000000000000000000e+00,0.000000000000000000e+00,0.000000000000000000e+00,0.000000000000000000e+00,0.000000000000000000e+00,0.000000000000000000e+00,0.000000000000000000e+00,0.000000000000000000e+00,4.558140869140625000e+02,7.676666259765625000e+01,4.471159057617187500e+02,8.392027282714843750e+01,4.474104919433593750e+02,8.538569641113281250e+01,0.000000000000000000e+00,0.000000000000000000e+00,4.538314819335937500e+02,1.004419097900390625e+02,0.000000000000000000e+00,0.000000000000000000e+00,4.568611450195312500e+02,8.852737426757812500e+01,4.502251892089843750e+02,1.157398605346679688e+02,4.476185302734375000e+02,1.159005889892578125e+02,4.564934082031250000e+02,1.338578033447265625e+02,4.399844360351562500e+02,1.381936798095703125e+02,4.657807312011718750e+02,1.524400787353515625e+02,4.313166503906250000e+02,1.594575042724609375e+02
4.710000000000000000e+02,4.633883666992187500e+02,7.991101074218750000e+01,0.000000000000000000e+00,0.000000000000000000e+00,4.627706909179687500e+02,7.753775787353515625e+01,0.000000000000000000e+00,0.000000000000000000e+00,4.586606140136718750e+02,7.676692962646484375e+01,4.486582031250000000e+02,8.418287658691406250e+01,4.510568542480468750e+02,8.628907775878906250e+01,0.000000000000000000e+00,0.000000000000000000e+00,4.584720764160156250e+02,1.017310943603515625e+02,4.319582519531250000e+02,1.081201782226562500e+02,4.603801574707031250e+02,8.835117340087890625e+01,4.529761962890625000e+02,1.171370697021484375e+02,4.506633911132812500e+02,1.171457443237304688e+02,4.596292419433593750e+02,1.348787231445312500e+02,4.413308410644531250e+02,1.402029266357421875e+02,4.704852905273437500e+02,1.524063873291015625e+02,4.312437744140625000e+02,1.598223724365234375e+02
4.720000000000000000e+02,0.000000000000000000e+00,0.000000000000000000e+00,0.000000000000000000e+00,0.000000000000000000e+00,4.670708618164062500e+02,7.769667053222656250e+01,0.000000000000000000e+00,0.000000000000000000e+00,4.627558593750000000e+02,7.656231689453125000e+01,4.539581298828125000e+02,8.447122192382812500e+01,4.548861389160156250e+02,8.645948791503906250e+01,0.000000000000000000e+00,0.000000000000000000e+00,4.626898193359375000e+02,1.023998718261718750e+02,0.000000000000000000e+00,0.000000000000000000e+00,4.639235229492187500e+02,8.871807098388671875e+01,4.573215942382812500e+02,1.158684616088867188e+02,4.548821411132812500e+02,1.163588485717773438e+02,4.642805175781250000e+02,1.344976043701171875e+02,4.458883056640625000e+02,1.389505767822265625e+02,4.724225158691406250e+02,1.529521942138671875e+02,4.328914184570312500e+02,1.580506439208984375e+02
4.730000000000000000e+02,4.719710083007812500e+02,8.063121032714843750e+01,0.000000000000000000e+00,0.000000000000000000e+00,4.711849060058593750e+02,7.804603576660156250e+01,0.000000000000000000e+00,0.000000000000000000e+00,4.666210021972656250e+02,7.687422943115234375e+01,4.566278991699218750e+02,8.421740722656250000e+01,4.589039001464843750e+02,8.599548339843750000e+01,0.000000000000000000e+00,0.000000000000000000e+00,4.666226196289062500e+02,1.014989547729492188e+02,0.000000000000000000e+00,0.000000000000000000e+00,4.684388427734375000e+02,8.877928161621093750e+01,4.628770141601562500e+02,1.159993286132812500e+02,4.596573486328125000e+02,1.167903442382812500e+02,4.688290405273437500e+02,1.343392639160156250e+02,4.511435852050781250e+02,1.394960632324218750e+02,4.744116210937500000e+02,1.538517303466796875e+02,4.353951416015625000e+02,1.570573883056640625e+02
4.740000000000000000e+02,4.753462829589843750e+02,7.977536010742187500e+01,0.000000000000000000e+00,0.000000000000000000e+00,4.750646057128906250e+02,7.706225585937500000e+01,0.000000000000000000e+00,0.000000000000000000e+00,4.708007202148437500e+02,7.607153320312500000e+01,4.615312194824218750e+02,8.391843414306640625e+01,4.621594238281250000e+02,8.562496185302734375e+01,0.000000000000000000e+00,0.000000000000000000e+00,4.702852172851562500e+02,1.013805923461914062e+02,0.000000000000000000e+00,0.000000000000000000e+00,4.725329589843750000e+02,8.790315246582031250e+01,4.675369567871093750e+02,1.150746536254882812e+02,4.634198303222656250e+02,1.161829376220703125e+02,4.729106445312500000e+02,1.341325073242187500e+02,4.587739257812500000e+02,1.403556365966796875e+02,4.761439514160156250e+02,1.546919097900390625e+02,4.396133422851562500e+02,1.552924499511718750e+02
4.750000000000000000e+02,0.000000000000000000e+00,0.000000000000000000e+00,0.000000000000000000e+00,0.000000000000000000e+00,0.000000000000000000e+00,0.000000000000000000e+00,0.000000000000000000e+00,0.000000000000000000e+00,4.750055236816406250e+02,7.574659729003906250e+01,4.682075805664062500e+02,8.402873229980468750e+01,4.662987670898437500e+02,8.506494140625000000e+01,0.000000000000000000e+00,0.000000000000000000e+00,4.716425781250000000e+02,9.958853912353515625e+01,0.000000000000000000e+00,0.000000000000000000e+00,4.753950805664062500e+02,8.931410980224609375e+01,4.718791503906250000e+02,1.149839172363281250e+02,4.668131408691406250e+02,1.165237350463867188e+02,4.750941467285156250e+02,1.337528533935546875e+02,4.659555358886718750e+02,1.402056732177734375e+02,4.754222106933593750e+02,1.545746459960937500e+02,4.463211059570312500e+02,1.527306060791015625e+02
4.760000000000000000e+02,0.000000000000000000e+00,0.000000000000000000e+00,0.000000000000000000e+00,0.000000000000000000e+00,0.000000000000000000e+00,0.000000000000000000e+00,0.000000000000000000e+00,0.000000000000000000e+00,4.784322509765625000e+02,7.511599731445312500e+01,4.672698974609375000e+02,8.268843078613281250e+01,4.698232421875000000e+02,8.481628417968750000e+01,0.000000000000000000e+00,0.000000000000000000e+00,4.766777343750000000e+02,9.930239868164062500e+01,0.000000000000000000e+00,0.000000000000000000e+00,4.795190429687500000e+02,8.677980804443359375e+01,4.704632568359375000e+02,1.137794036865234375e+02,4.709599609375000000e+02,1.148358306884765625e+02,4.768934631347656250e+02,1.333989868164062500e+02,4.743994140625000000e+02,1.368843231201171875e+02,4.754134216308593750e+02,1.546500396728515625e+02,4.540033569335937500e+02,1.508805236816406250e+02
4.770000000000000000e+02,0.000000000000000000e+00,0.000000000000000000e+00,0.000000000000000000e+00,0.000000000000000000e+00,0.000000000000000000e+00,0.000000000000000000e+00,0.000000000000000000e+00,0.000000000000000000e+00,4.825175781250000000e+02,7.440001678466796875e+01,4.712788696289062500e+02,8.158206939697265625e+01,4.737917785644531250e+02,8.378182983398437500e+01,0.000000000000000000e+00,0.000000000000000000e+00,4.795043334960937500e+02,9.929988098144531250e+01,0.000000000000000000e+00,0.000000000000000000e+00,4.833794860839843750e+02,8.615415954589843750e+01,4.722699584960937500e+02,1.128604888916015625e+02,4.748931884765625000e+02,1.134982147216796875e+02,4.783599243164062500e+02,1.346825256347656250e+02,4.790555725097656250e+02,1.368945312500000000e+02,4.753457336425781250e+02,1.544004058837890625e+02,4.618052673339843750e+02,1.500217437744140625e+02
4.780000000000000000e+02,0.000000000000000000e+00,0.000000000000000000e+00,0.000000000000000000e+00,0.000000000000000000e+00,0.000000000000000000e+00,0.000000000000000000e+00,0.000000000000000000e+00,0.000000000000000000e+00,4.852532043457031250e+02,7.340599822998046875e+01,4.762853088378906250e+02,8.138768768310546875e+01,4.766683349609375000e+02,8.311737060546875000e+01,0.000000000000000000e+00,0.000000000000000000e+00,4.843456420898437500e+02,9.862507629394531250e+01,0.000000000000000000e+00,0.000000000000000000e+00,4.860556945800781250e+02,8.543352508544921875e+01,4.742170715332031250e+02,1.112829208374023438e+02,4.785770874023437500e+02,1.119915237426757812e+02,4.779869995117187500e+02,1.324485015869140625e+02,4.850583496093750000e+02,1.347765502929687500e+02,4.744471435546875000e+02,1.515257415771484375e+02,4.728664855957031250e+02,1.516318817138671875e+02
4.790000000000000000e+02,0.000000000000000000e+00,0.000000000000000000e+00,0.000000000000000000e+00,0.000000000000000000e+00,0.000000000000000000e+00,0.000000000000000000e+00,0.000000000000000000e+00,0.000000000000000000e+00,4.887952270507812500e+02,7.321636962890625000e+01,4.785135192871093750e+02,8.109123229980468750e+01,4.803320922851562500e+02,8.299957275390625000e+01,0.000000000000000000e+00,0.000000000000000000e+00,4.864976196289062500e+02,9.818087768554687500e+01,0.000000000000000000e+00,0.000000000000000000e+00,4.901188049316406250e+02,8.557206726074218750e+01,4.770824584960937500e+02,1.111897659301757812e+02,4.826272888183593750e+02,1.117647933959960938e+02,4.788704223632812500e+02,1.324967346191406250e+02,4.914625549316406250e+02,1.337844390869140625e+02,4.756052246093750000e+02,1.535597381591796875e+02,4.795208129882812500e+02,1.525132446289062500e+02
4.800000000000000000e+02,0.000000000000000000e+00,0.000000000000000000e+00,0.000000000000000000e+00,0.000000000000000000e+00,0.000000000000000000e+00,0.000000000000000000e+00,0.000000000000000000e+00,0.000000000000000000e+00,4.921208496093750000e+02,7.295478057861328125e+01,4.810061340332031250e+02,8.047899627685546875e+01,4.839266967773437500e+02,8.193243408203125000e+01,0.000000000000000000e+00,0.000000000000000000e+00,4.878260803222656250e+02,9.624973297119140625e+01,0.000000000000000000e+00,0.000000000000000000e+00,4.954110107421875000e+02,1.040795288085937500e+02,4.792242126464843750e+02,1.121785583496093750e+02,4.857777099609375000e+02,1.117519760131835938e+02,4.796228637695312500e+02,1.323375854492187500e+02,4.955574035644531250e+02,1.331589813232421875e+02,4.749487915039062500e+02,1.545995025634765625e+02,4.880102539062500000e+02,1.543887481689453125e+02
4.810000000000000000e+02,0.000000000000000000e+00,0.000000000000000000e+00,0.000000000000000000e+00,0.000000000000000000e+00,0.000000000000000000e+00,0.000000000000000000e+00,0.000000000000000000e+00,0.000000000000000000e+00,4.996561889648437500e+02,7.345109558105468750e+01,4.905038757324218750e+02,8.159917449951171875e+01,4.916773376464843750e+02,8.308052825927734375e+01,4.986856079101562500e+02,9.380930328369140625e+01,4.970890502929687500e+02,9.663573455810546875e+01,5.085907287597656250e+02,9.982046508789062500e+01,5.089912414550781250e+02,1.015119781494140625e+02,4.862167968750000000e+02,1.121774368286132812e+02,4.927651367187500000e+02,1.128727188110351562e+02,4.832022399902343750e+02,1.330093078613281250e+02,5.027230224609375000e+02,1.338986358642578125e+02,4.758426513671875000e+02,1.537243194580078125e+02,5.078535766601562500e+02,1.547608489990234375e+02
4.820000000000000000e+02,5.081730957031250000e+02,7.746941375732421875e+01,0.000000000000000000e+00,0.000000000000000000e+00,5.075397033691406250e+02,7.511376953125000000e+01,0.000000000000000000e+00,0.000000000000000000e+00,5.033563842773437500e+02,7.421185302734375000e+01,4.934374694824218750e+02,8.228662872314453125e+01,4.952836608886718750e+02,8.370751953125000000e+01,5.038896179199218750e+02,9.506929016113281250e+01,5.019919433593750000e+02,9.814883422851562500e+01,5.143314819335937500e+02,9.925920104980468750e+01,5.052084350585937500e+02,8.553536224365234375e+01,4.894564819335937500e+02,1.130764083862304688e+02,4.969304809570312500e+02,1.137665786743164062e+02,4.851514282226562500e+02,1.334290161132812500e+02,5.056715393066406250e+02,1.351593475341796875e+02,4.760643005371093750e+02,1.540459899902343750e+02,5.157078247070312500e+02,1.531518249511718750e+02
4.830000000000000000e+02,5.114407653808593750e+02,7.781611633300781250e+01,0.000000000000000000e+00,0.000000000000000000e+00,5.112061157226562500e+02,7.549182128906250000e+01,0.000000000000000000e+00,0.000000000000000000e+00,5.073025512695312500e+02,7.431964111328125000e+01,4.974509277343750000e+02,8.243017578125000000e+01,4.993056640625000000e+02,8.435801696777343750e+01,5.074282836914062500e+02,9.455931091308593750e+01,5.048022460937500000e+02,9.904747009277343750e+01,5.176333618164062500e+02,9.853489685058593750e+01,5.087130126953125000e+02,8.667979431152343750e+01,4.934434814453125000e+02,1.121076049804687500e+02,5.004529418945312500e+02,1.131601562500000000e+02,4.876831665039062500e+02,1.331495361328125000e+02,5.090907592773437500e+02,1.348838500976562500e+02,4.768097534179687500e+02,1.535438079833984375e+02,5.194181518554687500e+02,1.533237152099609375e+02
4.840000000000000000e+02,5.160973510742187500e+02,7.861428070068359375e+01,0.000000000000000000e+00,0.000000000000000000e+00,5.155322265625000000e+02,7.616026306152343750e+01,0.000000000000000000e+00,0.000000000000000000e+00,5.122532348632812500e+02,7.472834777832031250e+01,5.012526245117187500e+02,8.230509185791015625e+01,5.043506164550781250e+02,8.407797241210937500e+01,5.112830810546875000e+02,9.449234008789062500e+01,5.094035949707031250e+02,9.812110900878906250e+01,5.209071044921875000e+02,9.882671356201171875e+01,5.133178710937500000e+02,8.676943969726562500e+01,4.966711730957031250e+02,1.131778945922851562e+02,5.045549926757812500e+02,1.140238952636718750e+02,4.914515991210937500e+02,1.330627899169921875e+02,5.142070922851562500e+02,1.352765960693359375e+02,4.784513244628906250e+02,1.521475982666015625e+02,5.210620117187500000e+02,1.540596618652343750e+02
4.850000000000000000e+02,5.200886230468750000e+02,7.844818115234375000e+01,0.000000000000000000e+00,0.000000000000000000e+00,5.194920654296875000e+02,7.597854614257812500e+01,0.000000000000000000e+00,0.000000000000000000e+00,5.158206787109375000e+02,7.488439178466796875e+01,5.064150390625000000e+02,8.250463104248046875e+01,5.078309631347656250e+02,8.427999114990234375e+01,5.163162841796875000e+02,9.430331420898437500e+01,5.133877563476562500e+02,9.833917236328125000e+01,5.246256103515625000e+02,9.986867523193359375e+01,5.170581054687500000e+02,8.674045562744140625e+01,5.018921508789062500e+02,1.144051055908203125e+02,5.096473999023437500e+02,1.149477539062500000e+02,4.969144287109375000e+02,1.332603607177734375e+02,5.189640502929687500e+02,1.359846343994140625e+02,4.813399047851562500e+02,1.504002838134765625e+02,5.234348754882812500e+02,1.542052154541015625e+02
4.860000000000000000e+02,5.236149291992187500e+02,7.796128082275390625e+01,0.000000000000000000e+00,0.000000000000000000e+00,5.234170532226562500e+02,7.589283752441406250e+01,0.000000000000000000e+00,0.000000000000000000e+00,5.194978637695312500e+02,7.448451232910156250e+01,5.093171691894531250e+02,8.240520477294921875e+01,5.118458251953125000e+02,8.372605895996093750e+01,5.190249633789062500e+02,9.479723358154296875e+01,5.165032348632812500e+02,9.735794067382812500e+01,0.000000000000000000e+00,0.000000000000000000e+00,5.255390625000000000e+02,1.018875961303710938e+02,5.060602416992187500e+02,1.138196105957031250e+02,5.133562622070312500e+02,1.143045959472656250e+02,5.035115661621093750e+02,1.335190734863281250e+02,5.218738403320312500e+02,1.349625854492187500e+02,4.851757507324218750e+02,1.482103881835937500e+02,5.229454345703125000e+02,1.542244567871093750e+02
4.870000000000000000e+02,0.000000000000000000e+00,0.000000000000000000e+00,0.000000000000000000e+00,0.000000000000000000e+00,0.000000000000000000e+00,0.000000000000000000e+00,0.000000000000000000e+00,0.000000000000000000e+00,5.237556152343750000e+02,7.478404235839843750e+01,5.127299804687500000e+02,8.261305999755859375e+01,5.165358886718750000e+02,8.511379241943359375e+01,0.000000000000000000e+00,0.000000000000000000e+00,5.227666625976562500e+02,9.808162689208984375e+01,5.256593017578125000e+02,1.043143157958984375e+02,5.255885620117187500e+02,8.652935791015625000e+01,5.108922729492187500e+02,1.137521133422851562e+02,5.185886840820312500e+02,1.144878082275390625e+02,5.113540039062500000e+02,1.334448852539062500e+02,5.248172607421875000e+02,1.348293762207031250e+02,4.921105957031250000e+02,1.464447326660156250e+02,5.238831176757812500e+02,1.545458068847656250e+02
4.880000000000000000e+02,5.331046142578125000e+02,7.696125793457031250e+01,0.000000000000000000e+00,0.000000000000000000e+00,5.322586059570312500e+02,7.468705749511718750e+01,0.000000000000000000e+00,0.000000000000000000e+00,5.277898559570312500e+02,7.370143127441406250e+01,5.177698974609375000e+02,8.084750366210937500e+01,5.204990234375000000e+02,8.281504058837890625e+01,0.000000000000000000e+00,0.000000000000000000e+00,5.271074829101562500e+02,9.700477600097656250e+01,0.000000000000000000e+00,0.000000000000000000e+00,5.296398315429687500e+02,8.552149963378906250e+01,5.152411499023437500e+02,1.118332672119140625e+02,5.216670532226562500e+02,1.125690917968750000e+02,5.175796508789062500e+02,1.318180389404296875e+02,5.259687500000000000e+02,1.343460235595703125e+02,4.995134277343750000e+02,1.448631134033203125e+02,5.240166015625000000e+02,1.545707855224609375e+02
4.890000000000000000e+02,0.000000000000000000e+00,0.000000000000000000e+00,0.000000000000000000e+00,0.000000000000000000e+00,5.356229248046875000e+02,7.463671875000000000e+01,0.000000000000000000e+00,0.000000000000000000e+00,5.319216308593750000e+02,7.390876770019531250e+01,5.221818237304687500e+02,7.998475646972656250e+01,5.240814208984375000e+02,8.271054077148437500e+01,0.000000000000000000e+00,0.000000000000000000e+00,5.326355590820312500e+02,9.842190551757812500e+01,0.000000000000000000e+00,0.000000000000000000e+00,5.336374511718750000e+02,8.503971862792968750e+01,5.198223266601562500e+02,1.125579147338867188e+02,5.246517333984375000e+02,1.134703674316406250e+02,5.240852050781250000e+02,1.310985870361328125e+02,5.269638061523437500e+02,1.342453765869140625e+02,5.072831726074218750e+02,1.435659637451171875e+02,5.237999267578125000e+02,1.546704559326171875e+02
4.900000000000000000e+02,0.000000000000000000e+00,0.000000000000000000e+00,0.000000000000000000e+00,0.000000000000000000e+00,0.000000000000000000e+00,0.000000000000000000e+00,0.000000000000000000e+00,0.000000000000000000e+00,5.360695190429687500e+02,7.278479766845703125e+01,5.249111938476562500e+02,7.892984008789062500e+01,5.282071533203125000e+02,8.091935729980468750e+01,0.000000000000000000e+00,0.000000000000000000e+00,5.356672973632812500e+02,9.794049072265625000e+01,0.000000000000000000e+00,0.000000000000000000e+00,5.374341430664062500e+02,8.403166198730468750e+01,5.238059082031250000e+02,1.103188858032226562e+02,5.275554809570312500e+02,1.111019439697265625e+02,5.312927246093750000e+02,1.290997772216796875e+02,5.287651367187500000e+02,1.329363403320312500e+02,5.162496337890625000e+02,1.454005889892578125e+02,5.240304565429687500e+02,1.544641571044921875e+02
4.910000000000000000e+02,0.000000000000000000e+00,0.000000000000000000e+00,0.000000000000000000e+00,0.000000000000000000e+00,0.000000000000000000e+00,0.000000000000000000e+00,0.000000000000000000e+00,0.000000000000000000e+00,5.400223999023437500e+02,7.227766418457031250e+01,5.291206665039062500e+02,7.841478729248046875e+01,5.317981567382812500e+02,8.148997497558593750e+01,0.000000000000000000e+00,0.000000000000000000e+00,5.386334228515625000e+02,9.720137786865234375e+01,0.000000000000000000e+00,0.000000000000000000e+00,5.412219848632812500e+02,8.380281066894531250e+01,5.281456909179687500e+02,1.082012939453125000e+02,5.294482421875000000e+02,1.094039230346679688e+02,5.362239379882812500e+02,1.266411590576171875e+02,5.305906982421875000e+02,1.290275421142578125e+02,5.244982299804687500e+02,1.456807556152343750e+02,5.246112670898437500e+02,1.517267608642578125e+02
4.920000000000000000e+02,0.000000000000000000e+00,0.000000000000000000e+00,0.000000000000000000e+00,0.000000000000000000e+00,0.000000000000000000e+00,0.000000000000000000e+00,0.000000000000000000e+00,0.000000000000000000e+00,5.432263793945312500e+02,7.271211242675781250e+01,5.325368041992187500e+02,7.916703033447265625e+01,5.350015258789062500e+02,8.140247344970703125e+01,0.000000000000000000e+00,0.000000000000000000e+00,5.430871582031250000e+02,9.750241088867187500e+01,0.000000000000000000e+00,0.000000000000000000e+00,5.447648315429687500e+02,8.373570251464843750e+01,5.357768554687500000e+02,1.101984252929687500e+02,5.329215698242187500e+02,1.107026672363281250e+02,5.408660278320312500e+02,1.272300186157226562e+02,5.312894897460937500e+02,1.315500183105468750e+02,5.334738159179687500e+02,1.476829071044921875e+02,5.239580688476562500e+02,1.533798370361328125e+02
4.930000000000000000e+02,5.509021606445312500e+02,7.555966186523437500e+01,0.000000000000000000e+00,0.000000000000000000e+00,5.504180297851562500e+02,7.315937805175781250e+01,0.000000000000000000e+00,0.000000000000000000e+00,5.461045532226562500e+02,7.264558410644531250e+01,5.363713378906250000e+02,7.961501312255859375e+01,5.390608520507812500e+02,8.214351654052734375e+01,0.000000000000000000e+00,0.000000000000000000e+00,5.473245239257812500e+02,9.791709136962890625e+01,0.000000000000000000e+00,0.000000000000000000e+00,5.489841308593750000e+02,8.348617553710937500e+01,5.389757690429687500e+02,1.095755538940429688e+02,5.367021484375000000e+02,1.099602737426757812e+02,5.448395996093750000e+02,1.274737854003906250e+02,5.324151000976562500e+02,1.314484405517578125e+02,5.436264648437500000e+02,1.487028350830078125e+02,5.237124023437500000e+02,1.534197540283203125e+02
4.940000000000000000e+02,5.552650146484375000e+02,7.581687927246093750e+01,0.000000000000000000e+00,0.000000000000000000e+00,5.546593627929687500e+02,7.392039489746093750e+01,0.000000000000000000e+00,0.000000000000000000e+00,5.502376708984375000e+02,7.301004791259765625e+01,5.399869995117187500e+02,7.980199432373046875e+01,5.432188110351562500e+02,8.229989624023437500e+01,0.000000000000000000e+00,0.000000000000000000e+00,5.511384277343750000e+02,9.803662109375000000e+01,0.000000000000000000e+00,0.000000000000000000e+00,5.524563598632812500e+02,8.392916107177734375e+01,5.414942016601562500e+02,1.115791778564453125e+02,5.404161376953125000e+02,1.120299530029296875e+02,5.479376220703125000e+02,1.292639617919921875e+02,5.331939086914062500e+02,1.331076812744140625e+02,5.522443237304687500e+02,1.488539276123046875e+02,5.240727539062500000e+02,1.535966491699218750e+02
4.950000000000000000e+02,5.582597656250000000e+02,7.634774017333984375e+01,0.000000000000000000e+00,0.000000000000000000e+00,5.578571777343750000e+02,7.446891021728515625e+01,0.000000000000000000e+00,0.000000000000000000e+00,5.534417724609375000e+02,7.375576019287109375e+01,5.422996215820312500e+02,7.976362609863281250e+01,5.465853881835937500e+02,8.273737335205078125e+01,5.327858886718750000e+02,9.156027221679687500e+01,5.545210571289062500e+02,9.829580688476562500e+01,5.257360839843750000e+02,1.030272293090820312e+02,5.554063110351562500e+02,8.440470886230468750e+01,5.403787231445312500e+02,1.105790252685546875e+02,5.438139038085937500e+02,1.115697097778320312e+02,5.507206420898437500e+02,1.301255798339843750e+02,5.355768432617187500e+02,1.336625366210937500e+02,5.593621826171875000e+02,1.476317291259765625e+02,5.243736572265625000e+02,1.532465209960937500e+02
4.960000000000000000e+02,5.619248657226562500e+02,7.691283416748046875e+01,0.000000000000000000e+00,0.000000000000000000e+00,5.616660766601562500e+02,7.464112854003906250e+01,0.000000000000000000e+00,0.000000000000000000e+00,5.574962158203125000e+02,7.381754302978515625e+01,5.480111083984375000e+02,8.108726501464843750e+01,5.499193725585937500e+02,8.313468933105468750e+01,5.358038330078125000e+02,9.121246337890625000e+01,5.579375610351562500e+02,9.876894378662109375e+01,5.282049560546875000e+02,1.032408447265625000e+02,5.592380981445312500e+02,8.472520446777343750e+01,5.480458984375000000e+02,1.129159698486328125e+02,5.476456298828125000e+02,1.129939041137695312e+02,5.546920776367187500e+02,1.310217437744140625e+02,5.390178222656250000e+02,1.336715240478515625e+02,5.629555053710937500e+02,1.480831604003906250e+02,5.257313842773437500e+02,1.527600250244140625e+02
4.970000000000000000e+02,0.000000000000000000e+00,0.000000000000000000e+00,0.000000000000000000e+00,0.000000000000000000e+00,5.657514038085937500e+02,7.480963134765625000e+01,0.000000000000000000e+00,0.000000000000000000e+00,5.617896118164062500e+02,7.356264495849609375e+01,5.509176025390625000e+02,8.113146209716796875e+01,5.542166137695312500e+02,8.321879577636718750e+01,0.000000000000000000e+00,0.000000000000000000e+00,5.614862670898437500e+02,9.878449249267578125e+01,5.323938598632812500e+02,1.033730850219726562e+02,5.633870239257812500e+02,8.577402496337890625e+01,5.526722412109375000e+02,1.131107177734375000e+02,5.524065551757812500e+02,1.136262359619140625e+02,5.592043457031250000e+02,1.316677551269531250e+02,5.425699462890625000e+02,1.350640563964843750e+02,5.649841308593750000e+02,1.495778198242187500e+02,5.274938354492187500e+02,1.521308288574218750e+02
4.980000000000000000e+02,0.000000000000000000e+00,0.000000000000000000e+00,0.000000000000000000e+00,0.000000000000000000e+00,5.687012939453125000e+02,7.483971405029296875e+01,0.000000000000000000e+00,0.000000000000000000e+00,5.650813598632812500e+02,7.387530517578125000e+01,5.534562377929687500e+02,8.116282653808593750e+01,5.575556030273437500e+02,8.346888732910156250e+01,5.434876708984375000e+02,9.277282714843750000e+01,5.644409790039062500e+02,9.830250549316406250e+01,5.366647949218750000e+02,1.046459732055664062e+02,5.666013183593750000e+02,8.562158966064453125e+01,5.573931884765625000e+02,1.129796295166015625e+02,5.564241333007812500e+02,1.134782257080078125e+02,5.633167114257812500e+02,1.303532867431640625e+02,5.495037231445312500e+02,1.357738952636718750e+02,5.660308837890625000e+02,1.505997314453125000e+02,5.310355834960937500e+02,1.506033935546875000e+02
4.990000000000000000e+02,0.000000000000000000e+00,0.000000000000000000e+00,0.000000000000000000e+00,0.000000000000000000e+00,5.726066284179687500e+02,7.452883911132812500e+01,0.000000000000000000e+00,0.000000000000000000e+00,5.685928344726562500e+02,7.354973602294921875e+01,5.585256958007812500e+02,8.088696289062500000e+01,5.611937866210937500e+02,8.306545257568359375e+01,0.000000000000000000e+00,0.000000000000000000e+00,5.671944580078125000e+02,9.792170715332031250e+01,0.000000000000000000e+00,0.000000000000000000e+00,5.706064453125000000e+02,8.495466613769531250e+01,5.589949340820312500e+02,1.119253311157226562e+02,5.606725463867187500e+02,1.128139724731445312e+02,5.661234741210937500e+02,1.309756164550781250e+02,5.582155151367187500e+02,1.358406982421875000e+02,5.667236328125000000e+02,1.503578643798828125e+02,5.372877807617187500e+02,1.484895782470703125e+02
5.000000000000000000e+02,0.000000000000000000e+00,0.000000000000000000e+00,0.000000000000000000e+00,0.000000000000000000e+00,0.000000000000000000e+00,0.000000000000000000e+00,0.000000000000000000e+00,0.000000000000000000e+00,5.722579345703125000e+02,7.239401245117187500e+01,5.625805053710937500e+02,8.027626037597656250e+01,5.647689819335937500e+02,8.243869018554687500e+01,0.000000000000000000e+00,0.000000000000000000e+00,5.711876831054687500e+02,9.658283233642578125e+01,0.000000000000000000e+00,0.000000000000000000e+00,5.736282348632812500e+02,8.406271362304687500e+01,5.639045410156250000e+02,1.101544265747070312e+02,5.631976928710937500e+02,1.107240905761718750e+02,5.689032592773437500e+02,1.296145019531250000e+02,5.647943725585937500e+02,1.342928619384765625e+02,5.669600830078125000e+02,1.504732513427734375e+02,5.443364868164062500e+02,1.475058898925781250e+02
5.010000000000000000e+02,5.801303710937500000e+02,7.531210327148437500e+01,0.000000000000000000e+00,0.000000000000000000e+00,5.797584228515625000e+02,7.309548950195312500e+01,0.000000000000000000e+00,0.000000000000000000e+00,5.753925170898437500e+02,7.221952819824218750e+01,5.649841308593750000e+02,7.933906555175781250e+01,5.683059692382812500e+02,8.158764648437500000e+01,0.000000000000000000e+00,0.000000000000000000e+00,5.761492309570312500e+02,9.714827728271484375e+01,0.000000000000000000e+00,0.000000000000000000e+00,5.773721923828125000e+02,8.323566436767578125e+01,5.647045288085937500e+02,1.094057617187500000e+02,5.680101318359375000e+02,1.107452545166015625e+02,5.702379150390625000e+02,1.317707366943359375e+02,5.701530761718750000e+02,1.342708587646484375e+02,5.669311523437500000e+02,1.500133819580078125e+02,5.515282592773437500e+02,1.474460906982421875e+02
5.020000000000000000e+02,5.832455444335937500e+02,7.460140991210937500e+01,0.000000000000000000e+00,0.000000000000000000e+00,5.824865722656250000e+02,7.193824005126953125e+01,0.000000000000000000e+00,0.000000000000000000e+00,5.786167602539062500e+02,7.090816497802734375e+01,5.680872192382812500e+02,7.807562255859375000e+01,5.719727172851562500e+02,8.011943817138671875e+01,0.000000000000000000e+00,0.000000000000000000e+00,5.789928588867187500e+02,9.555651092529296875e+01,0.000000000000000000e+00,0.000000000000000000e+00,5.805605468750000000e+02,8.242570495605468750e+01,5.656857299804687500e+02,1.076953582763671875e+02,5.705796508789062500e+02,1.086911849975585938e+02,5.700147094726562500e+02,1.288374481201171875e+02,5.738873291015625000e+02,1.313957061767578125e+02,5.660805053710937500e+02,1.478338012695312500e+02,5.605945434570312500e+02,1.484268646240234375e+02
5.030000000000000000e+02,0.000000000000000000e+00,0.000000000000000000e+00,0.000000000000000000e+00,0.000000000000000000e+00,5.856876831054687500e+02,7.138937377929687500e+01,0.000000000000000000e+00,0.000000000000000000e+00,5.817965087890625000e+02,7.053855133056640625e+01,5.708927612304687500e+02,7.736125183105468750e+01,5.750172729492187500e+02,7.962081909179687500e+01,0.000000000000000000e+00,0.000000000000000000e+00,5.821737060546875000e+02,9.472756958007812500e+01,0.000000000000000000e+00,0.000000000000000000e+00,5.841151733398437500e+02,8.147772979736328125e+01,5.691286621093750000e+02,1.077385787963867188e+02,5.746239624023437500e+02,1.080268249511718750e+02,5.703932495117187500e+02,1.285720520019531250e+02,5.795554809570312500e+02,1.304942169189453125e+02,5.670674438476562500e+02,1.488876037597656250e+02,5.681406860351562500e+02,1.492558441162109375e+02
5.040000000000000000e+02,0.000000000000000000e+00,0.000000000000000000e+00,0.000000000000000000e+00,0.000000000000000000e+00,5.894559936523437500e+02,7.133648681640625000e+01,0.000000000000000000e+00,0.000000000000000000e+00,5.852800292968750000e+02,7.017254638671875000e+01,5.738284912109375000e+02,7.726339721679687500e+01,5.788050537109375000e+02,7.956315612792968750e+01,0.000000000000000000e+00,0.000000000000000000e+00,5.863645629882812500e+02,9.462288665771484375e+01,0.000000000000000000e+00,0.000000000000000000e+00,5.876476440429687500e+02,8.131544494628906250e+01,5.712167358398437500e+02,1.079405822753906250e+02,5.785570068359375000e+02,1.086402282714843750e+02,5.713569335937500000e+02,1.285371551513671875e+02,5.841459350585937500e+02,1.299082031250000000e+02,5.664898681640625000e+02,1.497870025634765625e+02,5.774379272460937500e+02,1.508093872070312500e+02
5.050000000000000000e+02,5.961817016601562500e+02,7.364240264892578125e+01,0.000000000000000000e+00,0.000000000000000000e+00,5.957146606445312500e+02,7.122077178955078125e+01,0.000000000000000000e+00,0.000000000000000000e+00,5.911495971679687500e+02,7.046582794189453125e+01,5.815459594726562500e+02,7.789963531494140625e+01,5.857676391601562500e+02,7.995578765869140625e+01,0.000000000000000000e+00,0.000000000000000000e+00,5.902499389648437500e+02,9.250557708740234375e+01,0.000000000000000000e+00,0.000000000000000000e+00,5.940410766601562500e+02,8.127149200439453125e+01,5.778737792968750000e+02,1.095702514648437500e+02,5.853535156250000000e+02,1.101071624755859375e+02,5.734859008789062500e+02,1.296432952880859375e+02,5.914584960937500000e+02,1.306123352050781250e+02,5.671640625000000000e+02,1.496090545654296875e+02,5.958294067382812500e+02,1.499472961425781250e+02
5.060000000000000000e+02,0.000000000000000000e+00,0.000000000000000000e+00,0.000000000000000000e+00,0.000000000000000000e+00,5.989896850585937500e+02,7.184954071044921875e+01,0.000000000000000000e+00,0.000000000000000000e+00,5.951151123046875000e+02,7.115658569335937500e+01,5.846723632812500000e+02,7.869548797607421875e+01,5.889096069335937500e+02,8.060897827148437500e+01,0.000000000000000000e+00,0.000000000000000000e+00,5.943887329101562500e+02,9.303515625000000000e+01,0.000000000000000000e+00,0.000000000000000000e+00,5.971807250976562500e+02,8.190794372558593750e+01,5.808692016601562500e+02,1.093206329345703125e+02,5.878275756835937500e+02,1.098425064086914062e+02,5.752529296875000000e+02,1.301038513183593750e+02,5.947824096679687500e+02,1.313900146484375000e+02,5.672216186523437500e+02,1.500253753662109375e+02,6.028778686523437500e+02,1.490902099609375000e+02
5.070000000000000000e+02,6.032171020507812500e+02,7.513751220703125000e+01,0.000000000000000000e+00,0.000000000000000000e+00,6.027405395507812500e+02,7.228041076660156250e+01,0.000000000000000000e+00,0.000000000000000000e+00,5.982061767578125000e+02,7.145230102539062500e+01,5.873825073242187500e+02,7.946095275878906250e+01,5.922954711914062500e+02,8.146214294433593750e+01,0.000000000000000000e+00,0.000000000000000000e+00,5.987064819335937500e+02,9.365311431884765625e+01,0.000000000000000000e+00,0.000000000000000000e+00,6.067629394531250000e+02,9.624508666992187500e+01,5.834111938476562500e+02,1.104625701904296875e+02,5.912675170898437500e+02,1.114914855957031250e+02,5.775820922851562500e+02,1.296794891357421875e+02,5.990248413085937500e+02,1.319580535888671875e+02,5.673875122070312500e+02,1.491879730224609375e+02,6.067377319335937500e+02,1.490227355957031250e+02
5.080000000000000000e+02,6.068464965820312500e+02,7.528310394287109375e+01,0.000000000000000000e+00,0.000000000000000000e+00,6.062319335937500000e+02,7.300347900390625000e+01,0.000000000000000000e+00,0.000000000000000000e+00,6.020906372070312500e+02,7.197427368164062500e+01,5.916587524414062500e+02,7.957489013671875000e+01,5.957920532226562500e+02,8.162641906738281250e+01,0.000000000000000000e+00,0.000000000000000000e+00,6.015759277343750000e+02,9.414920806884765625e+01,0.000000000000000000e+00,0.000000000000000000e+00,6.099680786132812500e+02,9.656064605712890625e+01,5.870682373046875000e+02,1.105206985473632812e+02,5.951365356445312500e+02,1.117051544189453125e+02,5.810912475585937500e+02,1.295553283691406250e+02,6.030021362304687500e+02,1.314271850585937500e+02,5.689028320312500000e+02,1.477342071533203125e+02,6.078641967773437500e+02,1.490676116943359375e+02
5.090000000000000000e+02,6.102249145507812500e+02,7.495792388916015625e+01,0.000000000000000000e+00,0.000000000000000000e+00,6.099252319335937500e+02,7.268269348144531250e+01,0.000000000000000000e+00,0.000000000000000000e+00,6.059110107421875000e+02,7.199602508544921875e+01,5.946880493164062500e+02,7.990041351318359375e+01,6.005733642578125000e+02,8.211370086669921875e+01,0.000000000000000000e+00,0.000000000000000000e+00,6.063984985351562500e+02,9.477243804931640625e+01,0.000000000000000000e+00,0.000000000000000000e+00,6.148662719726562500e+02,9.762744903564453125e+01,5.912354125976562500e+02,1.111425781250000000e+02,5.998582153320312500e+02,1.125742340087890625e+02,5.860414428710937500e+02,1.297356414794921875e+02,6.068590698242187500e+02,1.321578979492187500e+02,5.705037841796875000e+02,1.465945892333984375e+02,6.097039184570312500e+02,1.504193267822265625e+02
5.100000000000000000e+02,6.148527221679687500e+02,7.488317108154296875e+01,0.000000000000000000e+00,0.000000000000000000e+00,6.142276611328125000e+02,7.271202087402343750e+01,0.000000000000000000e+00,0.000000000000000000e+00,6.096409301757812500e+02,7.220409393310546875e+01,5.991882324218750000e+02,7.970939636230468750e+01,6.042561645507812500e+02,8.256832122802734375e+01,0.000000000000000000e+00,0.000000000000000000e+00,6.116245727539062500e+02,9.506636047363281250e+01,0.000000000000000000e+00,0.000000000000000000e+00,6.123976440429687500e+02,8.340240478515625000e+01,5.963567504882812500e+02,1.117612228393554688e+02,6.042468872070312500e+02,1.130920104980468750e+02,5.923781127929687500e+02,1.304067230224609375e+02,6.105234375000000000e+02,1.330125732421875000e+02,5.754824829101562500e+02,1.450250549316406250e+02,6.110001220703125000e+02,1.508471221923828125e+02
5.110000000000000000e+02,6.184924926757812500e+02,7.491314697265625000e+01,0.000000000000000000e+00,0.000000000000000000e+00,6.178956909179687500e+02,7.263784790039062500e+01,0.000000000000000000e+00,0.000000000000000000e+00,6.135712890625000000e+02,7.215039062500000000e+01,6.037487792968750000e+02,7.903259277343750000e+01,6.076344604492187500e+02,8.177720642089843750e+01,0.000000000000000000e+00,0.000000000000000000e+00,6.145803222656250000e+02,9.484225463867187500e+01,6.168754882812500000e+02,8.272672271728515625e+01,6.165640258789062500e+02,8.251386260986328125e+01,5.999004516601562500e+02,1.109115142822265625e+02,6.076676635742187500e+02,1.121070251464843750e+02,5.989005737304687500e+02,1.295885314941406250e+02,6.132949218750000000e+02,1.319973602294921875e+02,5.813507080078125000e+02,1.420134277343750000e+02,6.110552978515625000e+02,1.502953186035156250e+02
5.120000000000000000e+02,0.000000000000000000e+00,0.000000000000000000e+00,0.000000000000000000e+00,0.000000000000000000e+00,6.215667724609375000e+02,7.251667785644531250e+01,0.000000000000000000e+00,0.000000000000000000e+00,6.175667114257812500e+02,7.184215545654296875e+01,6.060513305664062500e+02,7.850750732421875000e+01,6.117406005859375000e+02,8.109209442138671875e+01,0.000000000000000000e+00,0.000000000000000000e+00,6.185816040039062500e+02,9.364808654785156250e+01,0.000000000000000000e+00,0.000000000000000000e+00,6.200776367187500000e+02,8.158509826660156250e+01,6.031987915039062500e+02,1.100570526123046875e+02,6.105457153320312500e+02,1.108050537109375000e+02,6.051618652343750000e+02,1.282466430664062500e+02,6.139560546875000000e+02,1.310822906494140625e+02,5.880102539062500000e+02,1.406241912841796875e+02,6.111179199218750000e+02,1.500388641357421875e+02
5.130000000000000000e+02,0.000000000000000000e+00,0.000000000000000000e+00,0.000000000000000000e+00,0.000000000000000000e+00,0.000000000000000000e+00,0.000000000000000000e+00,0.000000000000000000e+00,0.000000000000000000e+00,6.207426147460937500e+02,7.147041320800781250e+01,6.094259033203125000e+02,7.751341247558593750e+01,6.148811035156250000e+02,8.080308532714843750e+01,0.000000000000000000e+00,0.000000000000000000e+00,6.234621582031250000e+02,9.448070526123046875e+01,0.000000000000000000e+00,0.000000000000000000e+00,6.234816894531250000e+02,8.134872436523437500e+01,6.068749389648437500e+02,1.091440277099609375e+02,6.138722534179687500e+02,1.098657455444335938e+02,6.097764892578125000e+02,1.268200759887695312e+02,6.150742187500000000e+02,1.302781829833984375e+02,5.946176757812500000e+02,1.401562347412109375e+02,6.112379150390625000e+02,1.500066223144531250e+02
5.140000000000000000e+02,0.000000000000000000e+00,0.000000000000000000e+00,0.000000000000000000e+00,0.000000000000000000e+00,6.281411743164062500e+02,7.164213562011718750e+01,0.000000000000000000e+00,0.000000000000000000e+00,6.242092895507812500e+02,7.051763916015625000e+01,6.128806762695312500e+02,7.679920196533203125e+01,6.186497192382812500e+02,8.074845123291015625e+01,0.000000000000000000e+00,0.000000000000000000e+00,6.265630493164062500e+02,9.395050048828125000e+01,0.000000000000000000e+00,0.000000000000000000e+00,6.269580078125000000e+02,8.102625274658203125e+01,6.107371826171875000e+02,1.076204833984375000e+02,6.168208007812500000e+02,1.081993560791015625e+02,6.157437744140625000e+02,1.261599197387695312e+02,6.169409790039062500e+02,1.281292877197265625e+02,6.017608642578125000e+02,1.407318572998046875e+02,6.118007202148437500e+02,1.494037628173828125e+02
5.150000000000000000e+02,0.000000000000000000e+00,0.000000000000000000e+00,0.000000000000000000e+00,0.000000000000000000e+00,0.000000000000000000e+00,0.000000000000000000e+00,0.000000000000000000e+00,0.000000000000000000e+00,6.280312500000000000e+02,7.025386810302734375e+01,6.173038940429687500e+02,7.586341857910156250e+01,6.215887451171875000e+02,7.972825622558593750e+01,0.000000000000000000e+00,0.000000000000000000e+00,6.284469604492187500e+02,9.361833953857421875e+01,0.000000000000000000e+00,0.000000000000000000e+00,6.295663452148437500e+02,8.051059722900390625e+01,6.121629028320312500e+02,1.052455978393554688e+02,6.186090698242187500e+02,1.072486801147460938e+02,6.222525634765625000e+02,1.232663879394531250e+02,6.182191772460937500e+02,1.264749145507812500e+02,6.110631103515625000e+02,1.416231689453125000e+02,6.105327758789062500e+02,1.465746917724609375e+02
5.160000000000000000e+02,0.000000000000000000e+00,0.000000000000000000e+00,0.000000000000000000e+00,0.000000000000000000e+00,0.000000000000000000e+00,0.000000000000000000e+00,0.000000000000000000e+00,0.000000000000000000e+00,6.318373413085937500e+02,7.016790771484375000e+01,6.213041381835937500e+02,7.652650451660156250e+01,6.250237426757812500e+02,8.003659820556640625e+01,6.341344604492187500e+02,9.389547729492187500e+01,6.326055908203125000e+02,9.360694122314453125e+01,6.332598876953125000e+02,8.040962982177734375e+01,6.332141723632812500e+02,8.049224090576171875e+01,6.173769531250000000e+02,1.054884796142578125e+02,6.215353393554687500e+02,1.068916931152343750e+02,6.254944458007812500e+02,1.231775512695312500e+02,6.207919921875000000e+02,1.253125915527343750e+02,6.173241577148437500e+02,1.431761016845703125e+02,6.127080688476562500e+02,1.468218231201171875e+02
5.170000000000000000e+02,0.000000000000000000e+00,0.000000000000000000e+00,0.000000000000000000e+00,0.000000000000000000e+00,0.000000000000000000e+00,0.000000000000000000e+00,0.000000000000000000e+00,0.000000000000000000e+00,6.342059326171875000e+02,7.099510955810546875e+01,6.239806518554687500e+02,7.731534576416015625e+01,6.282241821289062500e+02,8.013500976562500000e+01,6.370554809570312500e+02,9.444069671630859375e+01,6.357874145507812500e+02,9.377896881103515625e+01,6.368753051757812500e+02,8.157167816162109375e+01,6.362675781250000000e+02,8.097521209716796875e+01,6.212139282226562500e+02,1.064028015136718750e+02,6.240535888671875000e+02,1.077218399047851562e+02,6.287749633789062500e+02,1.243381347656250000e+02,6.199047241210937500e+02,1.275373001098632812e+02,6.262991333007812500e+02,1.451818695068359375e+02,6.107514038085937500e+02,1.499003143310546875e+02
5.180000000000000000e+02,0.000000000000000000e+00,0.000000000000000000e+00,0.000000000000000000e+00,0.000000000000000000e+00,6.417661743164062500e+02,7.141004943847656250e+01,0.000000000000000000e+00,0.000000000000000000e+00,6.379407958984375000e+02,7.086760711669921875e+01,6.259389038085937500e+02,7.645852661132812500e+01,6.321751708984375000e+02,8.004400634765625000e+01,6.152407226562500000e+02,9.036971282958984375e+01,6.387871704101562500e+02,9.331372070312500000e+01,6.099776000976562500e+02,1.019592819213867188e+02,6.400723266601562500e+02,8.107929229736328125e+01,6.203999023437500000e+02,1.048652343750000000e+02,6.270015258789062500e+02,1.071722259521484375e+02,6.321764526367187500e+02,1.245657577514648438e+02,6.212568359375000000e+02,1.284550323486328125e+02,6.342036743164062500e+02,1.450799865722656250e+02,6.111488647460937500e+02,1.498237762451171875e+02
5.190000000000000000e+02,0.000000000000000000e+00,0.000000000000000000e+00,0.000000000000000000e+00,0.000000000000000000e+00,6.446925659179687500e+02,7.203601074218750000e+01,0.000000000000000000e+00,0.000000000000000000e+00,6.413016967773437500e+02,7.153451538085937500e+01,6.284591674804687500e+02,7.733694458007812500e+01,6.347951660156250000e+02,8.026231384277343750e+01,6.187855224609375000e+02,8.936539459228515625e+01,6.421074829101562500e+02,9.404891967773437500e+01,6.117648315429687500e+02,1.014084243774414062e+02,6.429594726562500000e+02,8.157365417480468750e+01,6.247039184570312500e+02,1.068299026489257812e+02,6.308176879882812500e+02,1.080229187011718750e+02,6.347294311523437500e+02,1.265470428466796875e+02,6.228026123046875000e+02,1.292205352783203125e+02,6.410779418945312500e+02,1.436392517089843750e+02,6.114359130859375000e+02,1.497044219970703125e+02
5.200000000000000000e+02,0.000000000000000000e+00,0.000000000000000000e+00,0.000000000000000000e+00,0.000000000000000000e+00,0.000000000000000000e+00,0.000000000000000000e+00,0.000000000000000000e+00,0.000000000000000000e+00,6.448613891601562500e+02,7.199190521240234375e+01,6.310629272460937500e+02,7.846475219726562500e+01,6.382225952148437500e+02,8.091326141357421875e+01,6.211168212890625000e+02,9.023389434814453125e+01,6.450015258789062500e+02,9.430921936035156250e+01,6.139319458007812500e+02,1.014814147949218750e+02,6.460626831054687500e+02,8.213199615478515625e+01,6.276951293945312500e+02,1.074847183227539062e+02,6.343145141601562500e+02,1.086286010742187500e+02,6.379123535156250000e+02,1.263719635009765625e+02,6.253120117187500000e+02,1.293588714599609375e+02,6.459000244140625000e+02,1.429888916015625000e+02,6.122408447265625000e+02,1.493683013916015625e+02
5.210000000000000000e+02,0.000000000000000000e+00,0.000000000000000000e+00,0.000000000000000000e+00,0.000000000000000000e+00,6.513617553710937500e+02,7.301679992675781250e+01,0.000000000000000000e+00,0.000000000000000000e+00,6.483549804687500000e+02,7.245404052734375000e+01,6.350103149414062500e+02,7.806928253173828125e+01,6.421873779296875000e+02,8.143348693847656250e+01,6.248580932617187500e+02,8.934537506103515625e+01,6.484763793945312500e+02,9.497548675537109375e+01,6.171958618164062500e+02,1.010552062988281250e+02,6.493641357421875000e+02,8.251741027832031250e+01,6.309947509765625000e+02,1.071583709716796875e+02,6.373927001953125000e+02,1.086459350585937500e+02,6.421203002929687500e+02,1.259233551025390625e+02,6.275399780273437500e+02,1.303917388916015625e+02,6.474697265625000000e+02,1.443821716308593750e+02,6.131441040039062500e+02,1.482801666259765625e+02
5.220000000000000000e+02,0.000000000000000000e+00,0.000000000000000000e+00,0.000000000000000000e+00,0.000000000000000000e+00,0.000000000000000000e+00,0.000000000000000000e+00,0.000000000000000000e+00,0.000000000000000000e+00,6.510614624023437500e+02,7.231978607177734375e+01,6.385493774414062500e+02,7.807929992675781250e+01,6.453962402343750000e+02,8.127116394042968750e+01,6.284043579101562500e+02,9.006975555419921875e+01,6.507996215820312500e+02,9.403138732910156250e+01,6.208822021484375000e+02,1.016428146362304688e+02,6.527530517578125000e+02,8.265750122070312500e+01,6.353781127929687500e+02,1.075689315795898438e+02,6.410731201171875000e+02,1.088630981445312500e+02,6.461763916015625000e+02,1.262266616821289062e+02,6.320683593750000000e+02,1.306889190673828125e+02,6.499170532226562500e+02,1.446591491699218750e+02,6.163075561523437500e+02,1.467189331054687500e+02
5.230000000000000000e+02,0.000000000000000000e+00,0.000000000000000000e+00,0.000000000000000000e+00,0.000000000000000000e+00,6.583037109375000000e+02,7.284812164306640625e+01,0.000000000000000000e+00,0.000000000000000000e+00,6.541027221679687500e+02,7.213240051269531250e+01,6.427688598632812500e+02,7.745101928710937500e+01,6.479531860351562500e+02,8.016265869140625000e+01,6.324684448242187500e+02,8.958813476562500000e+01,6.539974365234375000e+02,9.362741088867187500e+01,6.257603149414062500e+02,1.022408142089843750e+02,6.560029907226562500e+02,8.205113220214843750e+01,6.389618530273437500e+02,1.060715637207031250e+02,6.443753662109375000e+02,1.081198196411132812e+02,6.498195800781250000e+02,1.253598861694335938e+02,6.379456787109375000e+02,1.321229553222656250e+02,6.505380249023437500e+02,1.451719818115234375e+02,6.198867187500000000e+02,1.459169616699218750e+02
5.240000000000000000e+02,0.000000000000000000e+00,0.000000000000000000e+00,0.000000000000000000e+00,0.000000000000000000e+00,6.621394653320312500e+02,7.258422851562500000e+01,0.000000000000000000e+00,0.000000000000000000e+00,6.583809204101562500e+02,7.173201751708984375e+01,6.460728149414062500e+02,7.730683898925781250e+01,6.520759887695312500e+02,8.045153045654296875e+01,6.366467285156250000e+02,9.014173126220703125e+01,6.582283935546875000e+02,9.424798583984375000e+01,6.314382934570312500e+02,1.020948486328125000e+02,6.599049072265625000e+02,8.195848083496093750e+01,6.430393066406250000e+02,1.061485900878906250e+02,6.474302978515625000e+02,1.076855697631835938e+02,6.517741699218750000e+02,1.254821395874023438e+02,6.452352905273437500e+02,1.313309783935546875e+02,6.506043090820312500e+02,1.450912475585937500e+02,6.259165649414062500e+02,1.430993347167968750e+02
5.250000000000000000e+02,0.000000000000000000e+00,0.000000000000000000e+00,0.000000000000000000e+00,0.000000000000000000e+00,0.000000000000000000e+00,0.000000000000000000e+00,0.000000000000000000e+00,0.000000000000000000e+00,6.614523315429687500e+02,7.108835601806640625e+01,6.503504638671875000e+02,7.702333831787109375e+01,6.550281372070312500e+02,7.990319061279296875e+01,0.000000000000000000e+00,0.000000000000000000e+00,6.613159179687500000e+02,9.368278503417968750e+01,6.384356079101562500e+02,1.022405319213867188e+02,6.621864013671875000e+02,8.154057312011718750e+01,6.457202758789062500e+02,1.052214965820312500e+02,6.512798461914062500e+02,1.063193130493164062e+02,6.524933471679687500e+02,1.259193496704101562e+02,6.517252197265625000e+02,1.293684234619140625e+02,6.506918945312500000e+02,1.449758911132812500e+02,6.331301879882812500e+02,1.419864044189453125e+02
5.260000000000000000e+02,0.000000000000000000e+00,0.000000000000000000e+00,0.000000000000000000e+00,0.000000000000000000e+00,6.687723999023437500e+02,7.115602111816406250e+01,0.000000000000000000e+00,0.000000000000000000e+00,6.652160644531250000e+02,7.032837677001953125e+01,6.528327636718750000e+02,7.598498535156250000e+01,6.579534301757812500e+02,7.919702911376953125e+01,0.000000000000000000e+00,0.000000000000000000e+00,6.646522827148437500e+02,9.348240661621093750e+01,0.000000000000000000e+00,0.000000000000000000e+00,6.655154418945312500e+02,8.099460601806640625e+01,6.486999511718750000e+02,1.049298095703125000e+02,6.540271606445312500e+02,1.059563903808593750e+02,6.531728515625000000e+02,1.263051910400390625e+02,6.556318969726562500e+02,1.281769256591796875e+02,6.502476196289062500e+02,1.450325317382812500e+02,6.384317016601562500e+02,1.418558654785156250e+02
5.270000000000000000e+02,0.000000000000000000e+00,0.000000000000000000e+00,0.000000000000000000e+00,0.000000000000000000e+00,6.711941528320312500e+02,6.993199157714843750e+01,0.000000000000000000e+00,0.000000000000000000e+00,6.678392944335937500e+02,6.924157714843750000e+01,6.559720458984375000e+02,7.499527740478515625e+01,6.611907348632812500e+02,7.804966735839843750e+01,0.000000000000000000e+00,0.000000000000000000e+00,6.672801513671875000e+02,9.245164489746093750e+01,0.000000000000000000e+00,0.000000000000000000e+00,6.691000366210937500e+02,7.987715148925781250e+01,6.509093017578125000e+02,1.055430755615234375e+02,6.581238403320312500e+02,1.067965240478515625e+02,6.532816162109375000e+02,1.253248901367187500e+02,6.617227172851562500e+02,1.272991333007812500e+02,6.496340942382812500e+02,1.435949249267578125e+02,6.484269409179687500e+02,1.424031219482421875e+02
5.280000000000000000e+02,0.000000000000000000e+00,0.000000000000000000e+00,0.000000000000000000e+00,0.000000000000000000e+00,0.000000000000000000e+00,0.000000000000000000e+00,0.000000000000000000e+00,0.000000000000000000e+00,6.708524780273437500e+02,6.968724060058593750e+01,6.580675659179687500e+02,7.458542633056640625e+01,6.639243774414062500e+02,7.720393371582031250e+01,0.000000000000000000e+00,0.000000000000000000e+00,6.693710937500000000e+02,9.188399505615234375e+01,0.000000000000000000e+00,0.000000000000000000e+00,6.710693969726562500e+02,7.984651184082031250e+01,6.537775878906250000e+02,1.065513763427734375e+02,6.616917114257812500e+02,1.076417846679687500e+02,6.537243041992187500e+02,1.245973434448242188e+02,6.659857788085937500e+02,1.268629455566406250e+02,6.501813964843750000e+02,1.436201019287109375e+02,6.533798217773437500e+02,1.432603302001953125e+02
5.290000000000000000e+02,0.000000000000000000e+00,0.000000000000000000e+00,0.000000000000000000e+00,0.000000000000000000e+00,6.795966796875000000e+02,7.016039276123046875e+01,0.000000000000000000e+00,0.000000000000000000e+00,6.761015014648437500e+02,6.857525634765625000e+01,6.646220703125000000e+02,7.559780120849609375e+01,6.696043701171875000e+02,7.736392211914062500e+01,0.000000000000000000e+00,0.000000000000000000e+00,6.728294677734375000e+02,9.004408264160156250e+01,0.000000000000000000e+00,0.000000000000000000e+00,6.753848266601562500e+02,9.638107299804687500e+01,6.590103149414062500e+02,1.049122924804687500e+02,6.670735473632812500e+02,1.062960586547851562e+02,6.560399169921875000e+02,1.249109191894531250e+02,6.731366577148437500e+02,1.262783203125000000e+02,6.507459716796875000e+02,1.449268493652343750e+02,6.690081176757812500e+02,1.463087005615234375e+02
5.300000000000000000e+02,0.000000000000000000e+00,0.000000000000000000e+00,0.000000000000000000e+00,0.000000000000000000e+00,0.000000000000000000e+00,0.000000000000000000e+00,0.000000000000000000e+00,0.000000000000000000e+00,6.793601684570312500e+02,7.012132263183593750e+01,6.657479248046875000e+02,7.610186004638671875e+01,6.724186401367187500e+02,7.782502746582031250e+01,0.000000000000000000e+00,0.000000000000000000e+00,6.767915039062500000e+02,9.018293762207031250e+01,0.000000000000000000e+00,0.000000000000000000e+00,6.797523193359375000e+02,8.049288940429687500e+01,6.614973144531250000e+02,1.062115859985351562e+02,6.697510375976562500e+02,1.076274490356445312e+02,6.569140014648437500e+02,1.254666137695312500e+02,6.754971923828125000e+02,1.270339126586914062e+02,6.507329101562500000e+02,1.447501983642578125e+02,6.767416381835937500e+02,1.455491180419921875e+02
5.310000000000000000e+02,0.000000000000000000e+00,0.000000000000000000e+00,0.000000000000000000e+00,0.000000000000000000e+00,0.000000000000000000e+00,0.000000000000000000e+00,0.000000000000000000e+00,0.000000000000000000e+00,6.823592529296875000e+02,7.011232757568359375e+01,6.715671386718750000e+02,7.580799102783203125e+01,6.757404174804687500e+02,7.824192810058593750e+01,0.000000000000000000e+00,0.000000000000000000e+00,6.789738769531250000e+02,9.032118988037109375e+01,0.000000000000000000e+00,0.000000000000000000e+00,6.848018188476562500e+02,9.266004943847656250e+01,6.648562622070312500e+02,1.051684875488281250e+02,6.726483154296875000e+02,1.069915771484375000e+02,6.587458496093750000e+02,1.253844070434570312e+02,6.780154418945312500e+02,1.270408477783203125e+02,6.511900024414062500e+02,1.446532440185546875e+02,6.832996826171875000e+02,1.438130187988281250e+02
5.320000000000000000e+02,0.000000000000000000e+00,0.000000000000000000e+00,0.000000000000000000e+00,0.000000000000000000e+00,6.883833618164062500e+02,7.181936645507812500e+01,0.000000000000000000e+00,0.000000000000000000e+00,6.853754882812500000e+02,7.072403717041015625e+01,6.731015625000000000e+02,7.699361419677734375e+01,6.792876586914062500e+02,7.899885559082031250e+01,0.000000000000000000e+00,0.000000000000000000e+00,6.821533813476562500e+02,9.031468963623046875e+01,0.000000000000000000e+00,0.000000000000000000e+00,6.882943115234375000e+02,9.252530670166015625e+01,6.673314208984375000e+02,1.050379562377929688e+02,6.754321899414062500e+02,1.062290649414062500e+02,6.611828002929687500e+02,1.248751068115234375e+02,6.809945068359375000e+02,1.265410308837890625e+02,6.514545898437500000e+02,1.444337921142578125e+02,6.867370605468750000e+02,1.437010955810546875e+02
5.330000000000000000e+02,0.000000000000000000e+00,0.000000000000000000e+00,0.000000000000000000e+00,0.000000000000000000e+00,0.000000000000000000e+00,0.000000000000000000e+00,0.000000000000000000e+00,0.000000000000000000e+00,6.889951782226562500e+02,7.146984100341796875e+01,6.767509765625000000e+02,7.678533935546875000e+01,6.830350952148437500e+02,7.958074188232421875e+01,0.000000000000000000e+00,0.000000000000000000e+00,6.855971069335937500e+02,9.149603271484375000e+01,0.000000000000000000e+00,0.000000000000000000e+00,6.919660034179687500e+02,9.260012817382812500e+01,6.713357543945312500e+02,1.054406738281250000e+02,6.794323120117187500e+02,1.069341888427734375e+02,6.642011108398437500e+02,1.253692855834960938e+02,6.851436157226562500e+02,1.275925598144531250e+02,6.523599853515625000e+02,1.437931823730468750e+02,6.884880981445312500e+02,1.448992004394531250e+02
5.340000000000000000e+02,0.000000000000000000e+00,0.000000000000000000e+00,0.000000000000000000e+00,0.000000000000000000e+00,0.000000000000000000e+00,0.000000000000000000e+00,0.000000000000000000e+00,0.000000000000000000e+00,6.926598510742187500e+02,7.210243225097656250e+01,6.803720092773437500e+02,7.720403289794921875e+01,6.865758666992187500e+02,7.995858001708984375e+01,0.000000000000000000e+00,0.000000000000000000e+00,6.890891723632812500e+02,9.197245025634765625e+01,0.000000000000000000e+00,0.000000000000000000e+00,6.947648925781250000e+02,9.418836975097656250e+01,6.750954589843750000e+02,1.076314163208007812e+02,6.832678833007812500e+02,1.089060363769531250e+02,6.681470947265625000e+02,1.260374984741210938e+02,6.882627563476562500e+02,1.284384307861328125e+02,6.541225585937500000e+02,1.424840545654296875e+02,6.895371093750000000e+02,1.451589508056640625e+02
5.350000000000000000e+02,0.000000000000000000e+00,0.000000000000000000e+00,0.000000000000000000e+00,0.000000000000000000e+00,0.000000000000000000e+00,0.000000000000000000e+00,0.000000000000000000e+00,0.000000000000000000e+00,6.963888549804687500e+02,7.186134338378906250e+01,6.840254516601562500e+02,7.611064910888671875e+01,6.904945068359375000e+02,8.033323669433593750e+01,0.000000000000000000e+00,0.000000000000000000e+00,6.938463134765625000e+02,9.184951782226562500e+01,0.000000000000000000e+00,0.000000000000000000e+00,6.977351074218750000e+02,8.177935791015625000e+01,6.797418823242187500e+02,1.068131256103515625e+02,6.882763061523437500e+02,1.081655578613281250e+02,6.750804443359375000e+02,1.252129592895507812e+02,6.915051879882812500e+02,1.277366638183593750e+02,6.585841064453125000e+02,1.397186584472656250e+02,6.904177856445312500e+02,1.450069427490234375e+02
5.360000000000000000e+02,0.000000000000000000e+00,0.000000000000000000e+00,0.000000000000000000e+00,0.000000000000000000e+00,7.027602539062500000e+02,7.202006530761718750e+01,0.000000000000000000e+00,0.000000000000000000e+00,6.995413818359375000e+02,7.147730255126953125e+01,6.871718750000000000e+02,7.621514892578125000e+01,6.937174682617187500e+02,8.034857940673828125e+01,0.000000000000000000e+00,0.000000000000000000e+00,6.979734497070312500e+02,9.234763336181640625e+01,0.000000000000000000e+00,0.000000000000000000e+00,7.003970336914062500e+02,8.163039398193359375e+01,6.830417480468750000e+02,1.076384201049804688e+02,6.912037963867187500e+02,1.086174468994140625e+02,6.806183471679687500e+02,1.258139419555664062e+02,6.935791625976562500e+02,1.274696502685546875e+02,6.639087524414062500e+02,1.374173736572265625e+02,6.904282226562500000e+02,1.452403411865234375e+02
5.370000000000000000e+02,0.000000000000000000e+00,0.000000000000000000e+00,0.000000000000000000e+00,0.000000000000000000e+00,0.000000000000000000e+00,0.000000000000000000e+00,0.000000000000000000e+00,0.000000000000000000e+00,7.038147583007812500e+02,7.143610382080078125e+01,6.907932739257812500e+02,7.505420684814453125e+01,6.969909667968750000e+02,7.907237243652343750e+01,0.000000000000000000e+00,0.000000000000000000e+00,7.017514648437500000e+02,9.176480102539062500e+01,0.000000000000000000e+00,0.000000000000000000e+00,7.035805053710937500e+02,8.180538177490234375e+01,6.865333251953125000e+02,1.057691955566406250e+02,6.938855590820312500e+02,1.069452972412109375e+02,6.863381347656250000e+02,1.244727325439453125e+02,6.945038452148437500e+02,1.273502731323242188e+02,6.704608154296875000e+02,1.355194244384765625e+02,6.907155151367187500e+02,1.449228973388671875e+02
5.380000000000000000e+02,0.000000000000000000e+00,0.000000000000000000e+00,0.000000000000000000e+00,0.000000000000000000e+00,0.000000000000000000e+00,0.000000000000000000e+00,0.000000000000000000e+00,0.000000000000000000e+00,7.060385742187500000e+02,7.099436187744140625e+01,6.936660766601562500e+02,7.466565704345703125e+01,7.008175659179687500e+02,7.802870178222656250e+01,0.000000000000000000e+00,0.000000000000000000e+00,7.043163452148437500e+02,9.070404052734375000e+01,0.000000000000000000e+00,0.000000000000000000e+00,7.074264526367187500e+02,9.029547119140625000e+01,6.894928588867187500e+02,1.049976501464843750e+02,6.960333862304687500e+02,1.063813018798828125e+02,6.910366821289062500e+02,1.228448638916015625e+02,6.953606567382812500e+02,1.262024459838867188e+02,6.759483032226562500e+02,1.355927581787109375e+02,6.906132202148437500e+02,1.450554199218750000e+02
5.390000000000000000e+02,0.000000000000000000e+00,0.000000000000000000e+00,0.000000000000000000e+00,0.000000000000000000e+00,0.000000000000000000e+00,0.000000000000000000e+00,0.000000000000000000e+00,0.000000000000000000e+00,7.102555541992187500e+02,7.047835540771484375e+01,6.960869140625000000e+02,7.423194122314453125e+01,7.039030151367187500e+02,7.815083312988281250e+01,0.000000000000000000e+00,0.000000000000000000e+00,7.078108520507812500e+02,9.056790161132812500e+01,0.000000000000000000e+00,0.000000000000000000e+00,0.000000000000000000e+00,0.000000000000000000e+00,6.918765258789062500e+02,1.029791946411132812e+02,6.988456420898437500e+02,1.042848739624023438e+02,6.958196411132812500e+02,1.211192321777343750e+02,6.973923339843750000e+02,1.238447418212890625e+02,6.833705444335937500e+02,1.362977142333984375e+02,6.908866577148437500e+02,1.439534912109375000e+02
5.400000000000000000e+02,0.000000000000000000e+00,0.000000000000000000e+00,0.000000000000000000e+00,0.000000000000000000e+00,0.000000000000000000e+00,0.000000000000000000e+00,0.000000000000000000e+00,0.000000000000000000e+00,7.127531127929687500e+02,7.066076660156250000e+01,6.983341674804687500e+02,7.533769989013671875e+01,7.071141357421875000e+02,7.784738922119140625e+01,0.000000000000000000e+00,0.000000000000000000e+00,7.109587402343750000e+02,9.030402374267578125e+01,0.000000000000000000e+00,0.000000000000000000e+00,0.000000000000000000e+00,0.000000000000000000e+00,6.942745361328125000e+02,1.018255233764648438e+02,7.013158569335937500e+02,1.030903167724609375e+02,7.002086181640625000e+02,1.192588043212890625e+02,6.997332153320312500e+02,1.217021179199218750e+02,6.917171020507812500e+02,1.367848052978515625e+02,6.908024902343750000e+02,1.399263610839843750e+02
5.410000000000000000e+02,0.000000000000000000e+00,0.000000000000000000e+00,0.000000000000000000e+00,0.000000000000000000e+00,0.000000000000000000e+00,0.000000000000000000e+00,0.000000000000000000e+00,0.000000000000000000e+00,7.155333862304687500e+02,7.052287292480468750e+01,7.023894653320312500e+02,7.596662902832031250e+01,7.098203125000000000e+02,7.848834228515625000e+01,0.000000000000000000e+00,0.000000000000000000e+00,7.124027709960937500e+02,9.062096405029296875e+01,6.923468017578125000e+02,9.730990600585937500e+01,0.000000000000000000e+00,0.000000000000000000e+00,6.978472900390625000e+02,1.032816925048828125e+02,7.038245849609375000e+02,1.052745513916015625e+02,7.043769531250000000e+02,1.199475555419921875e+02,7.005830688476562500e+02,1.221210174560546875e+02,6.969353637695312500e+02,1.380896148681640625e+02,6.927261352539062500e+02,1.412058715820312500e+02
5.420000000000000000e+02,0.000000000000000000e+00,0.000000000000000000e+00,0.000000000000000000e+00,0.000000000000000000e+00,0.000000000000000000e+00,0.000000000000000000e+00,0.000000000000000000e+00,0.000000000000000000e+00,7.191786499023437500e+02,7.072281646728515625e+01,7.046304321289062500e+02,7.455696868896484375e+01,7.128993530273437500e+02,7.838706970214843750e+01,6.958996582031250000e+02,8.689756774902343750e+01,7.175410156250000000e+02,9.097486877441406250e+01,6.911307983398437500e+02,9.750548553466796875e+01,0.000000000000000000e+00,0.000000000000000000e+00,6.997351684570312500e+02,1.017864379882812500e+02,7.062409057617187500e+02,1.041087951660156250e+02,7.082739257812500000e+02,1.207610473632812500e+02,6.999991455078125000e+02,1.242791290283203125e+02,7.061093139648437500e+02,1.399804840087890625e+02,6.904058227539062500e+02,1.445909271240234375e+02
5.430000000000000000e+02,0.000000000000000000e+00,0.000000000000000000e+00,0.000000000000000000e+00,0.000000000000000000e+00,0.000000000000000000e+00,0.000000000000000000e+00,0.000000000000000000e+00,0.000000000000000000e+00,7.213682861328125000e+02,7.132011413574218750e+01,7.068988647460937500e+02,7.448811340332031250e+01,7.157969360351562500e+02,7.866495513916015625e+01,6.981377563476562500e+02,8.647982025146484375e+01,7.200079956054687500e+02,9.120378875732421875e+01,6.915387573242187500e+02,9.808308410644531250e+01,7.222254028320312500e+02,8.333913421630859375e+01,7.021516113281250000e+02,1.029046936035156250e+02,7.089889526367187500e+02,1.051532516479492188e+02,7.101375732421875000e+02,1.221730346679687500e+02,7.009841918945312500e+02,1.252261505126953125e+02,7.121430053710937500e+02,1.405710296630859375e+02,6.906782836914062500e+02,1.444629974365234375e+02
5.440000000000000000e+02,0.000000000000000000e+00,0.000000000000000000e+00,0.000000000000000000e+00,0.000000000000000000e+00,0.000000000000000000e+00,0.000000000000000000e+00,0.000000000000000000e+00,0.000000000000000000e+00,7.245271606445312500e+02,7.227034759521484375e+01,7.097858276367187500e+02,7.624424743652343750e+01,7.186038818359375000e+02,7.972146606445312500e+01,7.009496459960937500e+02,8.709515380859375000e+01,7.202063598632812500e+02,9.226518249511718750e+01,6.935889282226562500e+02,9.712149810791015625e+01,7.067238159179687500e+02,9.633869934082031250e+01,7.064754028320312500e+02,1.044971389770507812e+02,7.123833618164062500e+02,1.061342315673828125e+02,7.131913452148437500e+02,1.232052001953125000e+02,7.032058715820312500e+02,1.251243591308593750e+02,7.185077514648437500e+02,1.395525054931640625e+02,6.914439086914062500e+02,1.443621673583984375e+02
5.450000000000000000e+02,0.000000000000000000e+00,0.000000000000000000e+00,0.000000000000000000e+00,0.000000000000000000e+00,0.000000000000000000e+00,0.000000000000000000e+00,0.000000000000000000e+00,0.000000000000000000e+00,7.264881591796875000e+02,7.206767272949218750e+01,7.122656250000000000e+02,7.630485534667968750e+01,7.220360717773437500e+02,8.034960937500000000e+01,7.032268676757812500e+02,8.701789855957031250e+01,7.261438598632812500e+02,9.313607788085937500e+01,6.954901123046875000e+02,9.701856994628906250e+01,0.000000000000000000e+00,0.000000000000000000e+00,7.070657958984375000e+02,1.033088684082031250e+02,7.153139648437500000e+02,1.057837753295898438e+02,7.155523071289062500e+02,1.228890380859375000e+02,7.062463378906250000e+02,1.253427658081054688e+02,7.211094970703125000e+02,1.400321655273437500e+02,6.926215820312500000e+02,1.438541259765625000e+02
5.460000000000000000e+02,0.000000000000000000e+00,0.000000000000000000e+00,0.000000000000000000e+00,0.000000000000000000e+00,0.000000000000000000e+00,0.000000000000000000e+00,0.000000000000000000e+00,0.000000000000000000e+00,7.303180541992187500e+02,7.240206909179687500e+01,7.148461914062500000e+02,7.718296051025390625e+01,7.248104248046875000e+02,8.066581726074218750e+01,7.060751342773437500e+02,8.701301574707031250e+01,7.287897949218750000e+02,9.252906799316406250e+01,6.985744018554687500e+02,9.700701141357421875e+01,7.300936279296875000e+02,8.261083984375000000e+01,7.126934814453125000e+02,1.060318145751953125e+02,7.182279663085937500e+02,1.075908737182617188e+02,7.201212768554687500e+02,1.237880096435546875e+02,7.094262084960937500e+02,1.271934890747070312e+02,7.231715698242187500e+02,1.411298522949218750e+02,6.940093994140625000e+02,1.434728698730468750e+02
5.470000000000000000e+02,0.000000000000000000e+00,0.000000000000000000e+00,0.000000000000000000e+00,0.000000000000000000e+00,0.000000000000000000e+00,0.000000000000000000e+00,0.000000000000000000e+00,0.000000000000000000e+00,7.327173461914062500e+02,7.299154663085937500e+01,7.186235961914062500e+02,7.616555023193359375e+01,7.279134521484375000e+02,8.043869018554687500e+01,7.099924316406250000e+02,8.752781677246093750e+01,7.311117553710937500e+02,9.200221252441406250e+01,7.026547851562500000e+02,9.775425720214843750e+01,7.343853149414062500e+02,9.362530517578125000e+01,7.149502563476562500e+02,1.043467864990234375e+02,7.217833862304687500e+02,1.067632293701171875e+02,7.235292358398437500e+02,1.236294403076171875e+02,7.147266235351562500e+02,1.279290161132812500e+02,7.243181762695312500e+02,1.417308807373046875e+02,6.973377075195312500e+02,1.421180877685546875e+02
5.480000000000000000e+02,0.000000000000000000e+00,0.000000000000000000e+00,0.000000000000000000e+00,0.000000000000000000e+00,0.000000000000000000e+00,0.000000000000000000e+00,0.000000000000000000e+00,0.000000000000000000e+00,7.359538574218750000e+02,7.224713134765625000e+01,7.222255249023437500e+02,7.742413330078125000e+01,7.310003662109375000e+02,7.995410156250000000e+01,7.134157104492187500e+02,8.697256469726562500e+01,7.340817871093750000e+02,9.118104553222656250e+01,7.072893676757812500e+02,9.944757080078125000e+01,7.376730957031250000e+02,9.246930694580078125e+01,7.187418212890625000e+02,1.051432876586914062e+02,7.251895141601562500e+02,1.069305725097656250e+02,7.264002075195312500e+02,1.232421875000000000e+02,7.221738281250000000e+02,1.276687316894531250e+02,7.252869873046875000e+02,1.411435546875000000e+02,7.033425292968750000e+02,1.400226287841796875e+02
5.490000000000000000e+02,0.000000000000000000e+00,0.000000000000000000e+00,0.000000000000000000e+00,0.000000000000000000e+00,0.000000000000000000e+00,0.000000000000000000e+00,0.000000000000000000e+00,0.000000000000000000e+00,7.390454711914062500e+02,7.214395904541015625e+01,7.262802124023437500e+02,7.711475372314453125e+01,7.328502197265625000e+02,7.933359527587890625e+01,7.164981689453125000e+02,8.854316711425781250e+01,7.354269409179687500e+02,9.097958374023437500e+01,7.123803710937500000e+02,9.931145477294921875e+01,7.395429077148437500e+02,9.117839050292968750e+01,7.230455932617187500e+02,1.050521240234375000e+02,7.283347778320312500e+02,1.060658874511718750e+02,7.272689208984375000e+02,1.238668975830078125e+02,7.275737915039062500e+02,1.265061645507812500e+02,7.248154907226562500e+02,1.414715118408203125e+02,7.096448974609375000e+02,1.388227844238281250e+02
5.500000000000000000e+02,0.000000000000000000e+00,0.000000000000000000e+00,0.000000000000000000e+00,0.000000000000000000e+00,0.000000000000000000e+00,0.000000000000000000e+00,0.000000000000000000e+00,0.000000000000000000e+00,7.425898437500000000e+02,7.164505004882812500e+01,7.287111206054687500e+02,7.625543975830078125e+01,7.360147094726562500e+02,7.880166625976562500e+01,0.000000000000000000e+00,0.000000000000000000e+00,7.362195434570312500e+02,9.147180938720703125e+01,0.000000000000000000e+00,0.000000000000000000e+00,0.000000000000000000e+00,0.000000000000000000e+00,7.259652099609375000e+02,1.029409179687500000e+02,7.310615234375000000e+02,1.040100173950195312e+02,7.275014038085937500e+02,1.237599716186523438e+02,7.318955078125000000e+02,1.257216796875000000e+02,7.246127929687500000e+02,1.415028228759765625e+02,7.159780883789062500e+02,1.376941986083984375e+02
5.510000000000000000e+02,0.000000000000000000e+00,0.000000000000000000e+00,0.000000000000000000e+00,0.000000000000000000e+00,0.000000000000000000e+00,0.000000000000000000e+00,0.000000000000000000e+00,0.000000000000000000e+00,7.453015747070312500e+02,7.080206298828125000e+01,7.287978515625000000e+02,7.655221557617187500e+01,7.389936523437500000e+02,7.809127807617187500e+01,0.000000000000000000e+00,0.000000000000000000e+00,7.420900878906250000e+02,8.967043304443359375e+01,0.000000000000000000e+00,0.000000000000000000e+00,7.451973876953125000e+02,9.014746093750000000e+01,7.267396850585937500e+02,1.017777404785156250e+02,7.344991455078125000e+02,1.027345809936523438e+02,7.283460083007812500e+02,1.229016113281250000e+02,7.368816528320312500e+02,1.248652114868164062e+02,7.248283691406250000e+02,1.404811248779296875e+02,7.241011352539062500e+02,1.377830200195312500e+02
5.520000000000000000e+02,0.000000000000000000e+00,0.000000000000000000e+00,0.000000000000000000e+00,0.000000000000000000e+00,0.000000000000000000e+00,0.000000000000000000e+00,0.000000000000000000e+00,0.000000000000000000e+00,7.483417358398437500e+02,6.993191528320312500e+01,7.325040283203125000e+02,7.550037384033203125e+01,7.415924682617187500e+02,7.738678741455078125e+01,0.000000000000000000e+00,0.000000000000000000e+00,7.451110839843750000e+02,8.956050872802734375e+01,0.000000000000000000e+00,0.000000000000000000e+00,0.000000000000000000e+00,0.000000000000000000e+00,7.303013916015625000e+02,1.035381088256835938e+02,7.382299804687500000e+02,1.046435546875000000e+02,7.294194946289062500e+02,1.217149581909179688e+02,7.412429809570312500e+02,1.237244796752929688e+02,7.252064819335937500e+02,1.397820739746093750e+02,7.291010742187500000e+02,1.391013336181640625e+02
5.530000000000000000e+02,0.000000000000000000e+00,0.000000000000000000e+00,0.000000000000000000e+00,0.000000000000000000e+00,0.000000000000000000e+00,0.000000000000000000e+00,0.000000000000000000e+00,0.000000000000000000e+00,7.537886352539062500e+02,6.893864440917968750e+01,7.391592407226562500e+02,7.498986816406250000e+01,7.473474731445312500e+02,7.773695373535156250e+01,0.000000000000000000e+00,0.000000000000000000e+00,7.501923828125000000e+02,8.917485046386718750e+01,0.000000000000000000e+00,0.000000000000000000e+00,0.000000000000000000e+00,0.000000000000000000e+00,7.352171630859375000e+02,1.029520492553710938e+02,7.430272827148437500e+02,1.046227722167968750e+02,7.310554199218750000e+02,1.223451614379882812e+02,7.480268554687500000e+02,1.239637908935546875e+02,7.255374145507812500e+02,1.410707244873046875e+02,7.437022094726562500e+02,1.425443115234375000e+02
