2.830000000000000000e+02,0.000000000000000000e+00,0.000000000000000000e+00,0.000000000000000000e+00,0.000000000000000000e+00,0.000000000000000000e+00,0.000000000000000000e+00,0.000000000000000000e+00,0.000000000000000000e+00,0.000000000000000000e+00,0.000000000000000000e+00,0.000000000000000000e+00,0.000000000000000000e+00,0.000000000000000000e+00,0.000000000000000000e+00,1.315115814208984375e+02,7.013520240783691406e+00,0.000000000000000000e+00,0.000000000000000000e+00,0.000000000000000000e+00,0.000000000000000000e+00,0.000000000000000000e+00,0.000000000000000000e+00,1.295958862304687500e+02,1.560082530975341797e+01,1.223327102661132812e+02,1.632221221923828125e+01,1.335386962890625000e+02,2.939586257934570312e+01,1.242003784179687500e+02,3.238412475585937500e+01,1.279757232666015625e+02,4.413367462158203125e+01,1.275621719360351562e+02,4.471070861816406250e+01
2.840000000000000000e+02,0.000000000000000000e+00,0.000000000000000000e+00,0.000000000000000000e+00,0.000000000000000000e+00,0.000000000000000000e+00,0.000000000000000000e+00,0.000000000000000000e+00,0.000000000000000000e+00,0.000000000000000000e+00,0.000000000000000000e+00,0.000000000000000000e+00,0.000000000000000000e+00,0.000000000000000000e+00,0.000000000000000000e+00,1.296860046386718750e+02,8.127992630004882812e+00,0.000000000000000000e+00,0.000000000000000000e+00,1.214146194458007812e+02,1.335836791992187500e+01,0.000000000000000000e+00,0.000000000000000000e+00,1.278074951171875000e+02,1.688436126708984375e+01,1.213869628906250000e+02,1.763971710205078125e+01,1.239957885742187500e+02,3.243345260620117188e+01,1.322801361083984375e+02,3.061507797241210938e+01,1.277301635742187500e+02,4.461437606811523438e+01,1.274298171997070312e+02,4.445487213134765625e+01
2.850000000000000000e+02,0.000000000000000000e+00,0.000000000000000000e+00,0.000000000000000000e+00,0.000000000000000000e+00,0.000000000000000000e+00,0.000000000000000000e+00,0.000000000000000000e+00,0.000000000000000000e+00,0.000000000000000000e+00,0.000000000000000000e+00,0.000000000000000000e+00,0.000000000000000000e+00,0.000000000000000000e+00,0.000000000000000000e+00,1.290498504638671875e+02,7.758730888366699219e+00,0.000000000000000000e+00,0.000000000000000000e+00,1.218126983642578125e+02,1.291228294372558594e+01,0.000000000000000000e+00,0.000000000000000000e+00,1.274620132446289062e+02,1.838176727294921875e+01,1.204889678955078125e+02,1.875361824035644531e+01,1.302242431640625000e+02,3.118155479431152344e+01,1.232663574218750000e+02,3.319603729248046875e+01,1.364407196044921875e+02,3.775017929077148438e+01,1.274695892333984375e+02,4.489938735961914062e+01
2.860000000000000000e+02,0.000000000000000000e+00,0.000000000000000000e+00,0.000000000000000000e+00,0.000000000000000000e+00,0.000000000000000000e+00,0.000000000000000000e+00,0.000000000000000000e+00,0.000000000000000000e+00,0.000000000000000000e+00,0.000000000000000000e+00,0.000000000000000000e+00,0.000000000000000000e+00,0.000000000000000000e+00,0.000000000000000000e+00,0.000000000000000000e+00,0.000000000000000000e+00,0.000000000000000000e+00,0.000000000000000000e+00,0.000000000000000000e+00,0.000000000000000000e+00,0.000000000000000000e+00,0.000000000000000000e+00,0.000000000000000000e+00,0.000000000000000000e+00,0.000000000000000000e+00,0.000000000000000000e+00,0.000000000000000000e+00,0.000000000000000000e+00,0.000000000000000000e+00,0.000000000000000000e+00,0.000000000000000000e+00,0.000000000000000000e+00,0.000000000000000000e+00,0.000000000000000000e+00
2.870000000000000000e+02,0.000000000000000000e+00,0.000000000000000000e+00,0.000000000000000000e+00,0.000000000000000000e+00,0.000000000000000000e+00,0.000000000000000000e+00,0.000000000000000000e+00,0.000000000000000000e+00,0.000000000000000000e+00,0.000000000000000000e+00,0.000000000000000000e+00,0.000000000000000000e+00,0.000000000000000000e+00,0.000000000000000000e+00,0.000000000000000000e+00,0.000000000000000000e+00,0.000000000000000000e+00,0.000000000000000000e+00,0.000000000000000000e+00,0.000000000000000000e+00,0.000000000000000000e+00,0.000000000000000000e+00,0.000000000000000000e+00,0.000000000000000000e+00,0.000000000000000000e+00,0.000000000000000000e+00,0.000000000000000000e+00,0.000000000000000000e+00,0.000000000000000000e+00,0.000000000000000000e+00,0.000000000000000000e+00,0.000000000000000000e+00,0.000000000000000000e+00,0.000000000000000000e+00
2.880000000000000000e+02,0.000000000000000000e+00,0.000000000000000000e+00,0.000000000000000000e+00,0.000000000000000000e+00,0.000000000000000000e+00,0.000000000000000000e+00,0.000000000000000000e+00,0.000000000000000000e+00,0.000000000000000000e+00,0.000000000000000000e+00,0.000000000000000000e+00,0.000000000000000000e+00,0.000000000000000000e+00,0.000000000000000000e+00,0.000000000000000000e+00,0.000000000000000000e+00,0.000000000000000000e+00,0.000000000000000000e+00,0.000000000000000000e+00,0.000000000000000000e+00,0.000000000000000000e+00,0.000000000000000000e+00,0.000000000000000000e+00,0.000000000000000000e+00,0.000000000000000000e+00,0.000000000000000000e+00,0.000000000000000000e+00,0.000000000000000000e+00,0.000000000000000000e+00,0.000000000000000000e+00,0.000000000000000000e+00,0.000000000000000000e+00,0.000000000000000000e+00,0.000000000000000000e+00
2.890000000000000000e+02,0.000000000000000000e+00,0.000000000000000000e+00,0.000000000000000000e+00,0.000000000000000000e+00,0.000000000000000000e+00,0.000000000000000000e+00,0.000000000000000000e+00,0.000000000000000000e+00,0.000000000000000000e+00,0.000000000000000000e+00,1.229469070434570312e+02,7.883306145668029785e-01,0.000000000000000000e+00,0.000000000000000000e+00,1.253735046386718750e+02,1.148768711090087891e+01,0.000000000000000000e+00,0.000000000000000000e+00,1.177346954345703125e+02,1.624957847595214844e+01,0.000000000000000000e+00,0.000000000000000000e+00,1.229501342773437500e+02,2.098856544494628906e+01,1.171444396972656250e+02,2.154608917236328125e+01,1.251392135620117188e+02,3.488291931152343750e+01,1.225414428710937500e+02,3.595898056030273438e+01,1.267279205322265625e+02,4.658737945556640625e+01,1.265486450195312500e+02,4.660319519042968750e+01
2.900000000000000000e+02,0.000000000000000000e+00,0.000000000000000000e+00,0.000000000000000000e+00,0.000000000000000000e+00,0.000000000000000000e+00,0.000000000000000000e+00,0.000000000000000000e+00,0.000000000000000000e+00,0.000000000000000000e+00,0.000000000000000000e+00,1.218434906005859375e+02,1.266320943832397461e+00,0.000000000000000000e+00,0.000000000000000000e+00,1.245361480712890625e+02,1.204712867736816406e+01,0.000000000000000000e+00,0.000000000000000000e+00,1.179449310302734375e+02,1.684817886352539062e+01,0.000000000000000000e+00,0.000000000000000000e+00,1.220273742675781250e+02,2.192965126037597656e+01,1.168334503173828125e+02,2.234261131286621094e+01,1.235942840576171875e+02,3.612371444702148438e+01,1.233182601928710938e+02,3.594286727905273438e+01,1.260332641601562500e+02,4.607131576538085938e+01,1.256164169311523438e+02,4.636286926269531250e+01
2.910000000000000000e+02,0.000000000000000000e+00,0.000000000000000000e+00,0.000000000000000000e+00,0.000000000000000000e+00,0.000000000000000000e+00,0.000000000000000000e+00,0.000000000000000000e+00,0.000000000000000000e+00,0.000000000000000000e+00,0.000000000000000000e+00,0.000000000000000000e+00,0.000000000000000000e+00,0.000000000000000000e+00,0.000000000000000000e+00,0.000000000000000000e+00,0.000000000000000000e+00,0.000000000000000000e+00,0.000000000000000000e+00,0.000000000000000000e+00,0.000000000000000000e+00,0.000000000000000000e+00,0.000000000000000000e+00,0.000000000000000000e+00,0.000000000000000000e+00,0.000000000000000000e+00,0.000000000000000000e+00,0.000000000000000000e+00,0.000000000000000000e+00,0.000000000000000000e+00,0.000000000000000000e+00,0.000000000000000000e+00,0.000000000000000000e+00,0.000000000000000000e+00,0.000000000000000000e+00
2.920000000000000000e+02,0.000000000000000000e+00,0.000000000000000000e+00,0.000000000000000000e+00,0.000000000000000000e+00,0.000000000000000000e+00,0.000000000000000000e+00,0.000000000000000000e+00,0.000000000000000000e+00,0.000000000000000000e+00,0.000000000000000000e+00,0.000000000000000000e+00,0.000000000000000000e+00,0.000000000000000000e+00,0.000000000000000000e+00,0.000000000000000000e+00,0.000000000000000000e+00,0.000000000000000000e+00,0.000000000000000000e+00,0.000000000000000000e+00,0.000000000000000000e+00,0.000000000000000000e+00,0.000000000000000000e+00,0.000000000000000000e+00,0.000000000000000000e+00,0.000000000000000000e+00,0.000000000000000000e+00,0.000000000000000000e+00,0.000000000000000000e+00,0.000000000000000000e+00,0.000000000000000000e+00,0.000000000000000000e+00,0.000000000000000000e+00,0.000000000000000000e+00,0.000000000000000000e+00
2.930000000000000000e+02,0.000000000000000000e+00,0.000000000000000000e+00,0.000000000000000000e+00,0.000000000000000000e+00,0.000000000000000000e+00,0.000000000000000000e+00,0.000000000000000000e+00,0.000000000000000000e+00,0.000000000000000000e+00,0.000000000000000000e+00,1.205750503540039062e+02,5.207994461059570312e+00,1.106786193847656250e+02,5.049764156341552734e+00,1.224568328857421875e+02,1.469877338409423828e+01,0.000000000000000000e+00,0.000000000000000000e+00,1.158513946533203125e+02,1.943763542175292969e+01,0.000000000000000000e+00,0.000000000000000000e+00,1.198230209350585938e+02,2.329106140136718750e+01,1.141552276611328125e+02,2.340536308288574219e+01,1.215501708984375000e+02,3.715581512451171875e+01,1.207828369140625000e+02,3.748525238037109375e+01,1.266225509643554688e+02,4.477335739135742188e+01,1.206499633789062500e+02,5.212662506103515625e+01
2.940000000000000000e+02,0.000000000000000000e+00,0.000000000000000000e+00,0.000000000000000000e+00,0.000000000000000000e+00,0.000000000000000000e+00,0.000000000000000000e+00,0.000000000000000000e+00,0.000000000000000000e+00,0.000000000000000000e+00,0.000000000000000000e+00,1.195567779541015625e+02,5.601178169250488281e+00,0.000000000000000000e+00,0.000000000000000000e+00,1.222143859863281250e+02,1.465943717956542969e+01,0.000000000000000000e+00,0.000000000000000000e+00,1.145197296142578125e+02,1.957715606689453125e+01,0.000000000000000000e+00,0.000000000000000000e+00,1.185295410156250000e+02,2.402330017089843750e+01,1.135736083984375000e+02,2.440861511230468750e+01,1.200771636962890625e+02,3.802456665039062500e+01,1.197418060302734375e+02,3.824505233764648438e+01,1.255341796875000000e+02,4.451228713989257812e+01,1.200416717529296875e+02,5.172481155395507812e+01
2.950000000000000000e+02,0.000000000000000000e+00,0.000000000000000000e+00,0.000000000000000000e+00,0.000000000000000000e+00,0.000000000000000000e+00,0.000000000000000000e+00,0.000000000000000000e+00,0.000000000000000000e+00,0.000000000000000000e+00,0.000000000000000000e+00,1.189724578857421875e+02,6.117388725280761719e+00,1.094447174072265625e+02,5.944783210754394531e+00,1.214927215576171875e+02,1.601513290405273438e+01,0.000000000000000000e+00,0.000000000000000000e+00,0.000000000000000000e+00,0.000000000000000000e+00,0.000000000000000000e+00,0.000000000000000000e+00,1.184365081787109375e+02,2.471950912475585938e+01,1.127530517578125000e+02,2.532814025878906250e+01,1.191573867797851562e+02,3.916242218017578125e+01,1.184567565917968750e+02,3.952343368530273438e+01,0.000000000000000000e+00,0.000000000000000000e+00,1.248114166259765625e+02,4.488896942138671875e+01
2.960000000000000000e+02,0.000000000000000000e+00,0.000000000000000000e+00,0.000000000000000000e+00,0.000000000000000000e+00,0.000000000000000000e+00,0.000000000000000000e+00,0.000000000000000000e+00,0.000000000000000000e+00,0.000000000000000000e+00,0.000000000000000000e+00,1.186680755615234375e+02,6.284402847290039062e+00,1.088240203857421875e+02,5.895691871643066406e+00,1.203639831542968750e+02,1.598147106170654297e+01,0.000000000000000000e+00,0.000000000000000000e+00,1.128120269775390625e+02,2.059674835205078125e+01,0.000000000000000000e+00,0.000000000000000000e+00,1.183775939941406250e+02,2.524216270446777344e+01,1.122504425048828125e+02,2.563845443725585938e+01,1.190050582885742188e+02,3.942361068725585938e+01,1.159654693603515625e+02,3.998008728027343750e+01,1.205166015625000000e+02,5.254868316650390625e+01,1.244051361083984375e+02,4.441811370849609375e+01
2.970000000000000000e+02,0.000000000000000000e+00,0.000000000000000000e+00,0.000000000000000000e+00,0.000000000000000000e+00,0.000000000000000000e+00,0.000000000000000000e+00,0.000000000000000000e+00,0.000000000000000000e+00,0.000000000000000000e+00,0.000000000000000000e+00,1.176606597900390625e+02,6.987944602966308594e+00,1.082747497558593750e+02,6.406622886657714844e+00,1.197675170898437500e+02,1.637758255004882812e+01,0.000000000000000000e+00,0.000000000000000000e+00,1.126659545898437500e+02,2.096585083007812500e+01,0.000000000000000000e+00,0.000000000000000000e+00,1.173088455200195312e+02,2.537942886352539062e+01,1.109805755615234375e+02,2.554869842529296875e+01,1.131009826660156250e+02,3.960223388671875000e+01,1.192005004882812500e+02,3.985836410522460938e+01,0.000000000000000000e+00,0.000000000000000000e+00,1.203944549560546875e+02,5.284229660034179688e+01
2.980000000000000000e+02,0.000000000000000000e+00,0.000000000000000000e+00,0.000000000000000000e+00,0.000000000000000000e+00,0.000000000000000000e+00,0.000000000000000000e+00,0.000000000000000000e+00,0.000000000000000000e+00,0.000000000000000000e+00,0.000000000000000000e+00,1.169195251464843750e+02,7.537547111511230469e+00,1.067752990722656250e+02,6.758968353271484375e+00,1.191791381835937500e+02,1.658522987365722656e+01,0.000000000000000000e+00,0.000000000000000000e+00,1.126916427612304688e+02,2.092730331420898438e+01,0.000000000000000000e+00,0.000000000000000000e+00,1.162791290283203125e+02,2.470044136047363281e+01,1.098750305175781250e+02,2.471689414978027344e+01,1.181752014160156250e+02,3.890464019775390625e+01,1.109700241088867188e+02,3.975230789184570312e+01,1.207182083129882812e+02,5.289116287231445312e+01,0.000000000000000000e+00,0.000000000000000000e+00
2.990000000000000000e+02,0.000000000000000000e+00,0.000000000000000000e+00,0.000000000000000000e+00,0.000000000000000000e+00,0.000000000000000000e+00,0.000000000000000000e+00,0.000000000000000000e+00,0.000000000000000000e+00,0.000000000000000000e+00,0.000000000000000000e+00,0.000000000000000000e+00,0.000000000000000000e+00,0.000000000000000000e+00,0.000000000000000000e+00,0.000000000000000000e+00,0.000000000000000000e+00,0.000000000000000000e+00,0.000000000000000000e+00,0.000000000000000000e+00,0.000000000000000000e+00,0.000000000000000000e+00,0.000000000000000000e+00,0.000000000000000000e+00,0.000000000000000000e+00,0.000000000000000000e+00,0.000000000000000000e+00,0.000000000000000000e+00,0.000000000000000000e+00,0.000000000000000000e+00,0.000000000000000000e+00,0.000000000000000000e+00,0.000000000000000000e+00,0.000000000000000000e+00,0.000000000000000000e+00
3.000000000000000000e+02,0.000000000000000000e+00,0.000000000000000000e+00,0.000000000000000000e+00,0.000000000000000000e+00,0.000000000000000000e+00,0.000000000000000000e+00,0.000000000000000000e+00,0.000000000000000000e+00,0.000000000000000000e+00,0.000000000000000000e+00,1.149707489013671875e+02,7.297915458679199219e+00,1.059489364624023438e+02,6.622432708740234375e+00,1.176965179443359375e+02,1.704061889648437500e+01,0.000000000000000000e+00,0.000000000000000000e+00,1.102536468505859375e+02,2.166268920898437500e+01,0.000000000000000000e+00,0.000000000000000000e+00,1.142953796386718750e+02,2.519522857666015625e+01,1.078793640136718750e+02,2.485754394531250000e+01,1.078830490112304688e+02,4.106996154785156250e+01,1.169966735839843750e+02,3.958042144775390625e+01,1.148732452392578125e+02,4.837516021728515625e+01,1.193875350952148438e+02,5.088518905639648438e+01
3.010000000000000000e+02,0.000000000000000000e+00,0.000000000000000000e+00,0.000000000000000000e+00,0.000000000000000000e+00,0.000000000000000000e+00,0.000000000000000000e+00,0.000000000000000000e+00,0.000000000000000000e+00,0.000000000000000000e+00,0.000000000000000000e+00,1.052440185546875000e+02,8.554909706115722656e+00,0.000000000000000000e+00,0.000000000000000000e+00,0.000000000000000000e+00,0.000000000000000000e+00,0.000000000000000000e+00,0.000000000000000000e+00,0.000000000000000000e+00,0.000000000000000000e+00,0.000000000000000000e+00,0.000000000000000000e+00,1.074004821777343750e+02,2.640316390991210938e+01,1.151326751708984375e+02,2.616218566894531250e+01,1.062272491455078125e+02,4.147219085693359375e+01,1.168271636962890625e+02,4.000951004028320312e+01,1.132904510498046875e+02,5.105231475830078125e+01,1.194603805541992188e+02,5.215882110595703125e+01
3.020000000000000000e+02,0.000000000000000000e+00,0.000000000000000000e+00,0.000000000000000000e+00,0.000000000000000000e+00,0.000000000000000000e+00,0.000000000000000000e+00,0.000000000000000000e+00,0.000000000000000000e+00,0.000000000000000000e+00,0.000000000000000000e+00,0.000000000000000000e+00,0.000000000000000000e+00,0.000000000000000000e+00,0.000000000000000000e+00,0.000000000000000000e+00,0.000000000000000000e+00,0.000000000000000000e+00,0.000000000000000000e+00,0.000000000000000000e+00,0.000000000000000000e+00,0.000000000000000000e+00,0.000000000000000000e+00,0.000000000000000000e+00,0.000000000000000000e+00,0.000000000000000000e+00,0.000000000000000000e+00,0.000000000000000000e+00,0.000000000000000000e+00,0.000000000000000000e+00,0.000000000000000000e+00,0.000000000000000000e+00,0.000000000000000000e+00,0.000000000000000000e+00,0.000000000000000000e+00
3.030000000000000000e+02,0.000000000000000000e+00,0.000000000000000000e+00,0.000000000000000000e+00,0.000000000000000000e+00,0.000000000000000000e+00,0.000000000000000000e+00,0.000000000000000000e+00,0.000000000000000000e+00,0.000000000000000000e+00,0.000000000000000000e+00,0.000000000000000000e+00,0.000000000000000000e+00,0.000000000000000000e+00,0.000000000000000000e+00,0.000000000000000000e+00,0.000000000000000000e+00,0.000000000000000000e+00,0.000000000000000000e+00,0.000000000000000000e+00,0.000000000000000000e+00,0.000000000000000000e+00,0.000000000000000000e+00,0.000000000000000000e+00,0.000000000000000000e+00,0.000000000000000000e+00,0.000000000000000000e+00,0.000000000000000000e+00,0.000000000000000000e+00,0.000000000000000000e+00,0.000000000000000000e+00,0.000000000000000000e+00,0.000000000000000000e+00,0.000000000000000000e+00,0.000000000000000000e+00
3.040000000000000000e+02,0.000000000000000000e+00,0.000000000000000000e+00,0.000000000000000000e+00,0.000000000000000000e+00,0.000000000000000000e+00,0.000000000000000000e+00,0.000000000000000000e+00,0.000000000000000000e+00,0.000000000000000000e+00,0.000000000000000000e+00,0.000000000000000000e+00,0.000000000000000000e+00,0.000000000000000000e+00,0.000000000000000000e+00,0.000000000000000000e+00,0.000000000000000000e+00,0.000000000000000000e+00,0.000000000000000000e+00,1.143409805297851562e+02,2.998573684692382812e+01,9.610529327392578125e+01,2.045635032653808594e+01,1.122832183837890625e+02,2.773991394042968750e+01,1.045708160400390625e+02,2.807382965087890625e+01,1.165313720703125000e+02,4.111478042602539062e+01,1.049133605957031250e+02,4.444265365600585938e+01,1.190326156616210938e+02,5.291915512084960938e+01,1.056268005371093750e+02,5.716724395751953125e+01
3.050000000000000000e+02,0.000000000000000000e+00,0.000000000000000000e+00,0.000000000000000000e+00,0.000000000000000000e+00,0.000000000000000000e+00,0.000000000000000000e+00,0.000000000000000000e+00,0.000000000000000000e+00,0.000000000000000000e+00,0.000000000000000000e+00,1.007278823852539062e+02,9.904828071594238281e+00,1.108782882690429688e+02,1.009231185913085938e+01,9.936358642578125000e+01,1.758435821533203125e+01,0.000000000000000000e+00,0.000000000000000000e+00,9.508895874023437500e+01,2.157752037048339844e+01,0.000000000000000000e+00,0.000000000000000000e+00,1.047491378784179688e+02,2.957395172119140625e+01,1.127774429321289062e+02,2.911802291870117188e+01,1.046233673095703125e+02,4.482224273681640625e+01,1.162595901489257812e+02,4.167222976684570312e+01,1.047714385986328125e+02,5.831200027465820312e+01,1.195858459472656250e+02,5.297911834716796875e+01
3.060000000000000000e+02,0.000000000000000000e+00,0.000000000000000000e+00,0.000000000000000000e+00,0.000000000000000000e+00,0.000000000000000000e+00,0.000000000000000000e+00,0.000000000000000000e+00,0.000000000000000000e+00,0.000000000000000000e+00,0.000000000000000000e+00,1.000185699462890625e+02,1.016588592529296875e+01,1.084617233276367188e+02,1.030077171325683594e+01,9.939913177490234375e+01,1.827894973754882812e+01,0.000000000000000000e+00,0.000000000000000000e+00,9.373417663574218750e+01,2.256777381896972656e+01,0.000000000000000000e+00,0.000000000000000000e+00,1.037132186889648438e+02,2.956444931030273438e+01,1.111347732543945312e+02,2.857039642333984375e+01,1.038513870239257812e+02,4.526850891113281250e+01,1.147487335205078125e+02,4.194292068481445312e+01,1.037659149169921875e+02,5.959801483154296875e+01,1.190848388671875000e+02,5.298595809936523438e+01
3.070000000000000000e+02,0.000000000000000000e+00,0.000000000000000000e+00,0.000000000000000000e+00,0.000000000000000000e+00,0.000000000000000000e+00,0.000000000000000000e+00,1.213991546630859375e+02,7.839633941650390625e+00,0.000000000000000000e+00,0.000000000000000000e+00,1.280235900878906250e+02,1.513919925689697266e+01,1.189281616210937500e+02,1.654536247253417969e+01,0.000000000000000000e+00,0.000000000000000000e+00,0.000000000000000000e+00,0.000000000000000000e+00,0.000000000000000000e+00,0.000000000000000000e+00,0.000000000000000000e+00,0.000000000000000000e+00,1.299578857421875000e+02,3.296974182128906250e+01,1.237700347900390625e+02,3.358848953247070312e+01,1.298521881103515625e+02,4.741145706176757812e+01,1.286824035644531250e+02,4.652550506591796875e+01,1.303990020751953125e+02,6.131809616088867188e+01,1.348819885253906250e+02,5.174568557739257812e+01
3.080000000000000000e+02,0.000000000000000000e+00,0.000000000000000000e+00,0.000000000000000000e+00,0.000000000000000000e+00,0.000000000000000000e+00,0.000000000000000000e+00,1.199433288574218750e+02,7.370872974395751953e+00,0.000000000000000000e+00,0.000000000000000000e+00,1.272234497070312500e+02,1.373098564147949219e+01,1.175502548217773438e+02,1.610043525695800781e+01,1.322314605712890625e+02,2.106611251831054688e+01,1.155407028198242188e+02,2.395110702514648438e+01,1.340451660156250000e+02,2.819227600097656250e+01,0.000000000000000000e+00,0.000000000000000000e+00,1.285448150634765625e+02,3.268912506103515625e+01,1.223916015625000000e+02,3.351943969726562500e+01,1.292201690673828125e+02,4.746612167358398438e+01,1.253887329101562500e+02,4.680967712402343750e+01,1.300513153076171875e+02,6.159553909301757812e+01,1.336757965087890625e+02,5.345581436157226562e+01
3.090000000000000000e+02,0.000000000000000000e+00,0.000000000000000000e+00,0.000000000000000000e+00,0.000000000000000000e+00,0.000000000000000000e+00,0.000000000000000000e+00,1.189487915039062500e+02,7.295932769775390625e+00,0.000000000000000000e+00,0.000000000000000000e+00,1.265410614013671875e+02,1.320177459716796875e+01,1.169784545898437500e+02,1.554489040374755859e+01,1.313417968750000000e+02,2.081817245483398438e+01,1.161272430419921875e+02,2.426626968383789062e+01,1.339015197753906250e+02,2.888125610351562500e+01,0.000000000000000000e+00,0.000000000000000000e+00,1.286455230712890625e+02,3.281979751586914062e+01,1.220693969726562500e+02,3.380002593994140625e+01,1.294886627197265625e+02,4.877997207641601562e+01,1.241945648193359375e+02,4.747925949096679688e+01,1.301274108886718750e+02,6.247510910034179688e+01,1.324269256591796875e+02,5.319044494628906250e+01
3.100000000000000000e+02,0.000000000000000000e+00,0.000000000000000000e+00,0.000000000000000000e+00,0.000000000000000000e+00,0.000000000000000000e+00,0.000000000000000000e+00,1.190401611328125000e+02,8.467607498168945312e+00,0.000000000000000000e+00,0.000000000000000000e+00,1.260758209228515625e+02,1.362625408172607422e+01,1.166121826171875000e+02,1.517042636871337891e+01,1.301427612304687500e+02,2.141141891479492188e+01,1.155739440917968750e+02,2.383932495117187500e+01,0.000000000000000000e+00,0.000000000000000000e+00,0.000000000000000000e+00,0.000000000000000000e+00,1.275742721557617188e+02,3.182371902465820312e+01,1.210663986206054688e+02,3.248958969116210938e+01,1.290677642822265625e+02,4.869751358032226562e+01,1.229053955078125000e+02,4.835692214965820312e+01,1.304080352783203125e+02,6.234717941284179688e+01,1.312366485595703125e+02,5.351363754272460938e+01
3.110000000000000000e+02,0.000000000000000000e+00,0.000000000000000000e+00,0.000000000000000000e+00,0.000000000000000000e+00,0.000000000000000000e+00,0.000000000000000000e+00,1.180043487548828125e+02,8.717180252075195312e+00,0.000000000000000000e+00,0.000000000000000000e+00,1.253980636596679688e+02,1.432768821716308594e+01,1.161061401367187500e+02,1.616362762451171875e+01,1.298075408935546875e+02,2.160627937316894531e+01,0.000000000000000000e+00,0.000000000000000000e+00,0.000000000000000000e+00,0.000000000000000000e+00,0.000000000000000000e+00,0.000000000000000000e+00,1.271673126220703125e+02,3.263158035278320312e+01,1.204100494384765625e+02,3.330064010620117188e+01,1.288316497802734375e+02,4.929105758666992188e+01,1.215577163696289062e+02,4.946768569946289062e+01,1.303096771240234375e+02,6.233198928833007812e+01,1.294700775146484375e+02,5.470700454711914062e+01
3.120000000000000000e+02,0.000000000000000000e+00,0.000000000000000000e+00,0.000000000000000000e+00,0.000000000000000000e+00,0.000000000000000000e+00,0.000000000000000000e+00,1.172162475585937500e+02,8.576375007629394531e+00,0.000000000000000000e+00,0.000000000000000000e+00,1.244928741455078125e+02,1.396910095214843750e+01,1.148797912597656250e+02,1.612395668029785156e+01,1.297407073974609375e+02,2.224052810668945312e+01,1.158252639770507812e+02,2.488227844238281250e+01,1.314065399169921875e+02,3.008601570129394531e+01,0.000000000000000000e+00,0.000000000000000000e+00,1.264650421142578125e+02,3.224845886230468750e+01,1.194159317016601562e+02,3.324949264526367188e+01,1.287854309082031250e+02,4.792857742309570312e+01,1.206725616455078125e+02,4.951217651367187500e+01,1.300080413818359375e+02,6.142000198364257812e+01,1.277400970458984375e+02,5.690654373168945312e+01
3.130000000000000000e+02,1.109806594848632812e+02,1.193576145172119141e+01,1.119301681518554688e+02,1.012816810607910156e+01,0.000000000000000000e+00,0.000000000000000000e+00,1.160512390136718750e+02,9.548318862915039062e+00,0.000000000000000000e+00,0.000000000000000000e+00,1.231209487915039062e+02,1.567398452758789062e+01,1.136072769165039062e+02,1.788092231750488281e+01,1.284965209960937500e+02,2.340864181518554688e+01,0.000000000000000000e+00,0.000000000000000000e+00,1.302655487060546875e+02,3.167369270324707031e+01,0.000000000000000000e+00,0.000000000000000000e+00,1.249929733276367188e+02,3.377184295654296875e+01,1.182806549072265625e+02,3.505260467529296875e+01,1.282210998535156250e+02,4.899046707153320312e+01,1.181040344238281250e+02,5.059765625000000000e+01,1.304243621826171875e+02,6.147037506103515625e+01,1.239630508422851562e+02,6.156552505493164062e+01
3.140000000000000000e+02,1.101746215820312500e+02,1.327248287200927734e+01,1.108881072998046875e+02,1.131182861328125000e+01,0.000000000000000000e+00,0.000000000000000000e+00,1.144879150390625000e+02,1.051179695129394531e+01,0.000000000000000000e+00,0.000000000000000000e+00,1.219961853027343750e+02,1.594846820831298828e+01,1.129695739746093750e+02,1.818990135192871094e+01,1.275903854370117188e+02,2.248956298828125000e+01,0.000000000000000000e+00,0.000000000000000000e+00,1.285438079833984375e+02,3.052120399475097656e+01,0.000000000000000000e+00,0.000000000000000000e+00,1.246353836059570312e+02,3.458345794677734375e+01,1.179492187500000000e+02,3.590410995483398438e+01,1.278982696533203125e+02,4.916528320312500000e+01,1.173456878662109375e+02,5.108576965332031250e+01,1.305337677001953125e+02,6.182313537597656250e+01,1.219811477661132812e+02,6.400190734863281250e+01
3.150000000000000000e+02,1.099137268066406250e+02,1.317085742950439453e+01,1.106157836914062500e+02,1.155388069152832031e+01,0.000000000000000000e+00,0.000000000000000000e+00,1.138041076660156250e+02,1.086425304412841797e+01,0.000000000000000000e+00,0.000000000000000000e+00,1.210775375366210938e+02,1.646030235290527344e+01,1.120320053100585938e+02,1.868249893188476562e+01,1.268948974609375000e+02,2.334111785888671875e+01,0.000000000000000000e+00,0.000000000000000000e+00,1.283423614501953125e+02,3.167403030395507812e+01,0.000000000000000000e+00,0.000000000000000000e+00,1.243091201782226562e+02,3.491831588745117188e+01,1.173646774291992188e+02,3.619945526123046875e+01,1.279705657958984375e+02,4.947776412963867188e+01,1.175557098388671875e+02,5.122784042358398438e+01,1.304451751708984375e+02,6.202019882202148438e+01,1.201157989501953125e+02,6.579630279541015625e+01
3.160000000000000000e+02,1.087240447998046875e+02,1.319075965881347656e+01,1.096034164428710938e+02,1.155761814117431641e+01,0.000000000000000000e+00,0.000000000000000000e+00,1.126031265258789062e+02,1.127458858489990234e+01,0.000000000000000000e+00,0.000000000000000000e+00,1.201877288818359375e+02,1.731398391723632812e+01,1.111481857299804688e+02,1.954835128784179688e+01,1.262456054687500000e+02,2.396925735473632812e+01,0.000000000000000000e+00,0.000000000000000000e+00,1.280075836181640625e+02,3.209989547729492188e+01,0.000000000000000000e+00,0.000000000000000000e+00,1.237254791259765625e+02,3.569626998901367188e+01,1.169254455566406250e+02,3.704287338256835938e+01,1.277405853271484375e+02,4.961031341552734375e+01,1.174788742065429688e+02,5.159083938598632812e+01,1.301920623779296875e+02,6.184807205200195312e+01,1.186952285766601562e+02,6.546221923828125000e+01
3.170000000000000000e+02,1.081388549804687500e+02,1.417880916595458984e+01,1.089508819580078125e+02,1.252386093139648438e+01,0.000000000000000000e+00,0.000000000000000000e+00,1.120353317260742188e+02,1.214560031890869141e+01,0.000000000000000000e+00,0.000000000000000000e+00,1.197190093994140625e+02,1.786641502380371094e+01,1.105247192382812500e+02,2.055010986328125000e+01,1.259423141479492188e+02,2.455960464477539062e+01,0.000000000000000000e+00,0.000000000000000000e+00,1.277973175048828125e+02,3.285810089111328125e+01,0.000000000000000000e+00,0.000000000000000000e+00,1.234123382568359375e+02,3.700679016113281250e+01,1.165393524169921875e+02,3.827740859985351562e+01,1.275371170043945312e+02,5.078487777709960938e+01,1.170082015991210938e+02,5.338054275512695312e+01,1.303650207519531250e+02,6.184206771850585938e+01,1.179570236206054688e+02,6.763848114013671875e+01
3.180000000000000000e+02,1.072967453002929688e+02,1.486107444763183594e+01,1.080729827880859375e+02,1.311168384552001953e+01,0.000000000000000000e+00,0.000000000000000000e+00,1.112956695556640625e+02,1.282970237731933594e+01,0.000000000000000000e+00,0.000000000000000000e+00,1.187774276733398438e+02,1.944819259643554688e+01,1.097413406372070312e+02,2.173553276062011719e+01,1.255956878662109375e+02,2.566419219970703125e+01,0.000000000000000000e+00,0.000000000000000000e+00,1.276694412231445312e+02,3.414829635620117188e+01,0.000000000000000000e+00,0.000000000000000000e+00,1.225338897705078125e+02,3.813310623168945312e+01,1.153232040405273438e+02,3.939950942993164062e+01,1.267899856567382812e+02,5.160246658325195312e+01,1.158657608032226562e+02,5.388099670410156250e+01,1.301517028808593750e+02,6.198543930053710938e+01,1.175492172241210938e+02,6.770407104492187500e+01
3.190000000000000000e+02,1.077542877197265625e+02,1.708242607116699219e+01,1.085747299194335938e+02,1.512568569183349609e+01,1.066970520019531250e+02,1.559072208404541016e+01,1.113268051147460938e+02,1.406827259063720703e+01,0.000000000000000000e+00,0.000000000000000000e+00,1.179957962036132812e+02,2.006225585937500000e+01,1.089695281982421875e+02,2.282282066345214844e+01,1.248849258422851562e+02,2.651913261413574219e+01,0.000000000000000000e+00,0.000000000000000000e+00,1.269835739135742188e+02,3.562129974365234375e+01,0.000000000000000000e+00,0.000000000000000000e+00,1.221149673461914062e+02,4.067271423339843750e+01,1.145628509521484375e+02,4.217186355590820312e+01,1.267525711059570312e+02,5.354666137695312500e+01,1.155118331909179688e+02,5.653020095825195312e+01,1.298512573242187500e+02,6.253025054931640625e+01,1.176055526733398438e+02,6.928228759765625000e+01
3.200000000000000000e+02,1.055340270996093750e+02,1.630611991882324219e+01,1.062794265747070312e+02,1.456852436065673828e+01,0.000000000000000000e+00,0.000000000000000000e+00,1.095173034667968750e+02,1.430313587188720703e+01,0.000000000000000000e+00,0.000000000000000000e+00,1.173687438964843750e+02,2.040316009521484375e+01,1.074860610961914062e+02,2.356492805480957031e+01,1.237478790283203125e+02,2.725834655761718750e+01,0.000000000000000000e+00,0.000000000000000000e+00,1.258170471191406250e+02,3.572527694702148438e+01,0.000000000000000000e+00,0.000000000000000000e+00,1.208462829589843750e+02,4.117551040649414062e+01,1.135211029052734375e+02,4.253057479858398438e+01,1.252198333740234375e+02,5.372203445434570312e+01,1.146055297851562500e+02,5.731562423706054688e+01,1.291801757812500000e+02,6.240291213989257812e+01,1.168854446411132812e+02,7.061782836914062500e+01
3.210000000000000000e+02,1.045403289794921875e+02,1.706587219238281250e+01,1.053679275512695312e+02,1.521140670776367188e+01,0.000000000000000000e+00,0.000000000000000000e+00,1.087247695922851562e+02,1.508791542053222656e+01,0.000000000000000000e+00,0.000000000000000000e+00,1.166685409545898438e+02,2.134199333190917969e+01,1.067103347778320312e+02,2.404251861572265625e+01,1.226055755615234375e+02,2.920338058471679688e+01,0.000000000000000000e+00,0.000000000000000000e+00,1.245889968872070312e+02,3.674545288085937500e+01,0.000000000000000000e+00,0.000000000000000000e+00,1.195856475830078125e+02,4.172871780395507812e+01,1.126620635986328125e+02,4.287384796142578125e+01,1.237598648071289062e+02,5.421568679809570312e+01,1.141040802001953125e+02,5.773510742187500000e+01,1.286138916015625000e+02,6.287343978881835938e+01,1.167377090454101562e+02,7.083869934082031250e+01
3.220000000000000000e+02,1.035916595458984375e+02,1.749148368835449219e+01,1.043431091308593750e+02,1.583807468414306641e+01,0.000000000000000000e+00,0.000000000000000000e+00,1.073996505737304688e+02,1.545831966400146484e+01,0.000000000000000000e+00,0.000000000000000000e+00,1.156049270629882812e+02,2.161206817626953125e+01,1.054711532592773438e+02,2.433630943298339844e+01,1.212693481445312500e+02,3.014263534545898438e+01,0.000000000000000000e+00,0.000000000000000000e+00,1.234639739990234375e+02,3.875757598876953125e+01,0.000000000000000000e+00,0.000000000000000000e+00,1.176715927124023438e+02,4.152425384521484375e+01,1.106394729614257812e+02,4.268092727661132812e+01,1.212659378051757812e+02,5.484030532836914062e+01,1.127291030883789062e+02,5.732947921752929688e+01,1.278123321533203125e+02,6.298445892333984375e+01,1.161178512573242188e+02,7.103549957275390625e+01
3.230000000000000000e+02,0.000000000000000000e+00,0.000000000000000000e+00,0.000000000000000000e+00,0.000000000000000000e+00,0.000000000000000000e+00,0.000000000000000000e+00,1.062216415405273438e+02,1.575244998931884766e+01,0.000000000000000000e+00,0.000000000000000000e+00,1.149387054443359375e+02,2.237040519714355469e+01,1.045563888549804688e+02,2.479629135131835938e+01,1.208404693603515625e+02,3.075638198852539062e+01,1.060403213500976562e+02,3.461780166625976562e+01,1.227276611328125000e+02,3.880852890014648438e+01,1.060599212646484375e+02,4.328333282470703125e+01,1.169726486206054688e+02,4.206463623046875000e+01,1.099658050537109375e+02,4.342184829711914062e+01,1.199386596679687500e+02,5.597443008422851562e+01,1.125118865966796875e+02,5.800702285766601562e+01,1.266971969604492188e+02,6.328015518188476562e+01,1.163029479980468750e+02,7.125543212890625000e+01
3.240000000000000000e+02,1.007879104614257812e+02,1.787344360351562500e+01,1.016853713989257812e+02,1.614908409118652344e+01,0.000000000000000000e+00,0.000000000000000000e+00,1.058766937255859375e+02,1.608338356018066406e+01,0.000000000000000000e+00,0.000000000000000000e+00,1.144370880126953125e+02,2.272765159606933594e+01,1.040569458007812500e+02,2.526008987426757812e+01,1.203776092529296875e+02,3.200214004516601562e+01,1.041748962402343750e+02,3.565502166748046875e+01,1.224546966552734375e+02,4.053777694702148438e+01,1.037756347656250000e+02,4.536172103881835938e+01,1.163701248168945312e+02,4.321675109863281250e+01,1.094429168701171875e+02,4.447454452514648438e+01,1.192667160034179688e+02,5.721322250366210938e+01,1.119817962646484375e+02,5.857223892211914062e+01,1.254893646240234375e+02,6.480136108398437500e+01,1.166109542846679688e+02,7.103244781494140625e+01
3.250000000000000000e+02,1.008519439697265625e+02,1.861785507202148438e+01,1.019617462158203125e+02,1.682266616821289062e+01,0.000000000000000000e+00,0.000000000000000000e+00,1.062664794921875000e+02,1.671903228759765625e+01,0.000000000000000000e+00,0.000000000000000000e+00,1.131044769287109375e+02,2.286406135559082031e+01,1.030549926757812500e+02,2.517079162597656250e+01,1.197125320434570312e+02,3.126353836059570312e+01,1.019989395141601562e+02,3.526430511474609375e+01,1.218198623657226562e+02,4.012402725219726562e+01,1.014455032348632812e+02,4.469265365600585938e+01,1.153254547119140625e+02,4.183177566528320312e+01,1.084769897460937500e+02,4.310183715820312500e+01,1.176167373657226562e+02,5.626744461059570312e+01,1.113947982788085938e+02,5.809765243530273438e+01,1.239221191406250000e+02,6.569983673095703125e+01,1.168832702636718750e+02,7.108829498291015625e+01
3.260000000000000000e+02,9.945999145507812500e+01,1.854740524291992188e+01,1.008171463012695312e+02,1.672496414184570312e+01,0.000000000000000000e+00,0.000000000000000000e+00,1.052938690185546875e+02,1.679997253417968750e+01,0.000000000000000000e+00,0.000000000000000000e+00,1.130634765625000000e+02,2.306462478637695312e+01,1.021753540039062500e+02,2.582470321655273438e+01,1.190553131103515625e+02,3.203670120239257812e+01,1.008008346557617188e+02,3.648162841796875000e+01,1.212352447509765625e+02,4.061125946044921875e+01,9.947056579589843750e+01,4.589726257324218750e+01,1.152078094482421875e+02,4.236296463012695312e+01,1.081063079833984375e+02,4.400672531127929688e+01,1.166611938476562500e+02,5.750622177124023438e+01,1.113655395507812500e+02,5.887746810913085938e+01,1.218570098876953125e+02,6.857495117187500000e+01,1.165455169677734375e+02,7.083753204345703125e+01
3.270000000000000000e+02,9.947093200683593750e+01,1.935781860351562500e+01,1.005911560058593750e+02,1.762060165405273438e+01,0.000000000000000000e+00,0.000000000000000000e+00,1.051794281005859375e+02,1.712788581848144531e+01,0.000000000000000000e+00,0.000000000000000000e+00,1.140752868652343750e+02,2.316219139099121094e+01,1.017851638793945312e+02,2.647977828979492188e+01,1.191334152221679688e+02,3.234809494018554688e+01,1.001733093261718750e+02,3.596224594116210938e+01,1.208553161621093750e+02,4.111658096313476562e+01,9.744513702392578125e+01,4.447918319702148438e+01,1.147990798950195312e+02,4.393460464477539062e+01,1.081093063354492188e+02,4.522221374511718750e+01,1.155950927734375000e+02,5.793805313110351562e+01,1.117296905517578125e+02,5.904088211059570312e+01,1.187552337646484375e+02,6.972528839111328125e+01,1.171470870971679688e+02,7.059544372558593750e+01
3.280000000000000000e+02,1.002320861816406250e+02,2.064955520629882812e+01,1.015030288696289062e+02,1.864991760253906250e+01,0.000000000000000000e+00,0.000000000000000000e+00,1.053790359497070312e+02,1.794894981384277344e+01,0.000000000000000000e+00,0.000000000000000000e+00,1.140309982299804688e+02,2.332281494140625000e+01,1.019768753051757812e+02,2.647896194458007812e+01,1.191191101074218750e+02,3.281646347045898438e+01,9.959960174560546875e+01,3.551235961914062500e+01,1.205976562500000000e+02,4.147913742065429688e+01,0.000000000000000000e+00,0.000000000000000000e+00,1.147553710937500000e+02,4.400395202636718750e+01,1.078449707031250000e+02,4.512870025634765625e+01,1.150332107543945312e+02,5.942388534545898438e+01,1.115289154052734375e+02,5.967827224731445312e+01,1.185459060668945312e+02,7.186735534667968750e+01,1.171358489990234375e+02,7.101671600341796875e+01
3.290000000000000000e+02,1.017899322509765625e+02,2.159687995910644531e+01,1.027976837158203125e+02,1.952084922790527344e+01,0.000000000000000000e+00,0.000000000000000000e+00,1.056544876098632812e+02,1.921437835693359375e+01,0.000000000000000000e+00,0.000000000000000000e+00,1.123817596435546875e+02,2.463772010803222656e+01,1.012507171630859375e+02,2.773457145690917969e+01,1.181741714477539062e+02,3.309070205688476562e+01,9.907624816894531250e+01,3.539278793334960938e+01,1.196919250488281250e+02,4.240277099609375000e+01,0.000000000000000000e+00,0.000000000000000000e+00,1.135317840576171875e+02,4.591411972045898438e+01,1.071259918212890625e+02,4.682114791870117188e+01,1.144340972900390625e+02,6.023580932617187500e+01,1.115991668701171875e+02,6.038405227661132812e+01,1.170106887817382812e+02,7.277268981933593750e+01,1.168995590209960938e+02,7.081442260742187500e+01
3.300000000000000000e+02,0.000000000000000000e+00,0.000000000000000000e+00,0.000000000000000000e+00,0.000000000000000000e+00,0.000000000000000000e+00,0.000000000000000000e+00,1.042144470214843750e+02,1.958887863159179688e+01,0.000000000000000000e+00,0.000000000000000000e+00,1.111724395751953125e+02,2.558656311035156250e+01,1.003441162109375000e+02,2.821761322021484375e+01,1.170045242309570312e+02,3.361750030517578125e+01,9.819673919677734375e+01,3.626134872436523438e+01,1.185148544311523438e+02,4.380995559692382812e+01,0.000000000000000000e+00,0.000000000000000000e+00,1.132814025878906250e+02,4.677087020874023438e+01,1.065857162475585938e+02,4.755932235717773438e+01,1.137044601440429688e+02,6.146730804443359375e+01,1.115879669189453125e+02,6.093919372558593750e+01,1.154336395263671875e+02,7.377094268798828125e+01,1.168564147949218750e+02,7.089980316162109375e+01
3.310000000000000000e+02,0.000000000000000000e+00,0.000000000000000000e+00,0.000000000000000000e+00,0.000000000000000000e+00,0.000000000000000000e+00,0.000000000000000000e+00,1.047022781372070312e+02,2.016844367980957031e+01,0.000000000000000000e+00,0.000000000000000000e+00,1.106513214111328125e+02,2.677142715454101562e+01,9.976427459716796875e+01,2.859572601318359375e+01,1.169777908325195312e+02,3.492810440063476562e+01,9.824355316162109375e+01,3.686908340454101562e+01,1.188130569458007812e+02,4.388779830932617188e+01,0.000000000000000000e+00,0.000000000000000000e+00,1.135807266235351562e+02,4.650599288940429688e+01,1.061854705810546875e+02,4.757992935180664062e+01,1.136695709228515625e+02,6.166760635375976562e+01,1.119180145263671875e+02,6.066550064086914062e+01,1.145375061035156250e+02,7.538410949707031250e+01,1.167711944580078125e+02,7.102139282226562500e+01
3.320000000000000000e+02,1.012272262573242188e+02,2.442576026916503906e+01,1.024372329711914062e+02,2.232231521606445312e+01,0.000000000000000000e+00,0.000000000000000000e+00,1.048642044067382812e+02,2.180231094360351562e+01,0.000000000000000000e+00,0.000000000000000000e+00,1.103259963989257812e+02,2.793792915344238281e+01,9.889314270019531250e+01,3.022725868225097656e+01,1.166242141723632812e+02,3.620436859130859375e+01,9.700902557373046875e+01,3.806701660156250000e+01,1.178958816528320312e+02,4.504869842529296875e+01,9.413973236083984375e+01,3.383891296386718750e+01,1.123115539550781250e+02,4.713161849975585938e+01,1.050798187255859375e+02,4.830112075805664062e+01,1.126632690429687500e+02,6.242128372192382812e+01,1.104696578979492188e+02,6.160730743408203125e+01,1.123973999023437500e+02,7.736798095703125000e+01,1.161442871093750000e+02,7.137678527832031250e+01
3.330000000000000000e+02,9.913349151611328125e+01,2.490087127685546875e+01,1.000246353149414062e+02,2.280384063720703125e+01,0.000000000000000000e+00,0.000000000000000000e+00,1.032488403320312500e+02,2.178376388549804688e+01,0.000000000000000000e+00,0.000000000000000000e+00,1.097127838134765625e+02,2.769382095336914062e+01,9.912827301025390625e+01,3.018458557128906250e+01,1.154658889770507812e+02,3.567459869384765625e+01,9.674626159667968750e+01,3.873191833496093750e+01,1.175520706176757812e+02,4.418642425537109375e+01,9.695274353027343750e+01,3.083141517639160156e+01,1.118476104736328125e+02,4.781018066406250000e+01,1.044932250976562500e+02,4.915595245361328125e+01,1.120999603271484375e+02,6.311512374877929688e+01,1.102788238525390625e+02,6.209870529174804688e+01,1.120124969482421875e+02,7.873049163818359375e+01,1.161064071655273438e+02,7.121389770507812500e+01
3.340000000000000000e+02,0.000000000000000000e+00,0.000000000000000000e+00,0.000000000000000000e+00,0.000000000000000000e+00,0.000000000000000000e+00,0.000000000000000000e+00,1.033536453247070312e+02,2.276835060119628906e+01,0.000000000000000000e+00,0.000000000000000000e+00,1.087327651977539062e+02,2.878203964233398438e+01,9.876732635498046875e+01,3.102249526977539062e+01,1.141985015869140625e+02,3.669514846801757812e+01,9.590722656250000000e+01,3.962449264526367188e+01,1.163540878295898438e+02,4.517243194580078125e+01,9.653819274902343750e+01,3.165913772583007812e+01,1.107138824462890625e+02,4.776836013793945312e+01,1.035062179565429688e+02,4.892412948608398438e+01,1.114422454833984375e+02,6.378786849975585938e+01,1.090688018798828125e+02,6.277839279174804688e+01,1.118041229248046875e+02,7.978166961669921875e+01,1.152877960205078125e+02,7.156916809082031250e+01
3.350000000000000000e+02,1.003093719482421875e+02,2.577255821228027344e+01,1.014855422973632812e+02,2.371424102783203125e+01,9.916854095458984375e+01,2.430583000183105469e+01,1.044425125122070312e+02,2.324197769165039062e+01,0.000000000000000000e+00,0.000000000000000000e+00,1.092361450195312500e+02,2.929198455810546875e+01,9.803573608398437500e+01,3.196615982055664062e+01,1.144419174194335938e+02,3.770319747924804688e+01,9.572284698486328125e+01,4.078446578979492188e+01,1.166149215698242188e+02,4.613167572021484375e+01,0.000000000000000000e+00,0.000000000000000000e+00,1.103658981323242188e+02,4.841419601440429688e+01,1.029188995361328125e+02,4.946082687377929688e+01,1.112508621215820312e+02,6.489292144775390625e+01,1.074342346191406250e+02,6.386059951782226562e+01,1.119982604980468750e+02,8.040373229980468750e+01,1.148812408447265625e+02,7.291840362548828125e+01
3.360000000000000000e+02,9.984151458740234375e+01,2.535127830505371094e+01,1.010851287841796875e+02,2.331493759155273438e+01,9.856154632568359375e+01,2.375856018066406250e+01,1.040047378540039062e+02,2.329156684875488281e+01,0.000000000000000000e+00,0.000000000000000000e+00,1.091594390869140625e+02,3.024096679687500000e+01,9.802896881103515625e+01,3.215481185913085938e+01,1.141964874267578125e+02,3.800131607055664062e+01,9.499327087402343750e+01,4.129401779174804688e+01,1.161149597167968750e+02,4.622554779052734375e+01,9.287828826904296875e+01,4.873823165893554688e+01,1.103400039672851562e+02,4.950518035888671875e+01,1.023690948486328125e+02,5.050000000000000000e+01,1.112617340087890625e+02,6.567273712158203125e+01,1.059089279174804688e+02,6.482652282714843750e+01,1.121890945434570312e+02,7.999116516113281250e+01,1.143356323242187500e+02,7.168952178955078125e+01
3.370000000000000000e+02,9.845030212402343750e+01,2.558657073974609375e+01,9.989070129394531250e+01,2.357423019409179688e+01,9.731618499755859375e+01,2.386652374267578125e+01,1.030171203613281250e+02,2.376097488403320312e+01,0.000000000000000000e+00,0.000000000000000000e+00,1.079916763305664062e+02,3.087067604064941406e+01,9.640043640136718750e+01,3.336631393432617188e+01,1.134022674560546875e+02,3.903319168090820312e+01,9.447379302978515625e+01,4.366289901733398438e+01,1.153873977661132812e+02,4.761568832397460938e+01,9.360002899169921875e+01,5.380152130126953125e+01,1.090646286010742188e+02,4.984521102905273438e+01,1.014866485595703125e+02,5.118547439575195312e+01,1.105411300659179688e+02,6.685520935058593750e+01,1.038201293945312500e+02,6.669200134277343750e+01,1.122501373291015625e+02,8.126483154296875000e+01,1.124116516113281250e+02,7.200872039794921875e+01
3.380000000000000000e+02,9.890554046630859375e+01,2.561275863647460938e+01,1.000328979492187500e+02,2.387474822998046875e+01,9.787860870361328125e+01,2.399258995056152344e+01,1.028074645996093750e+02,2.363822174072265625e+01,0.000000000000000000e+00,0.000000000000000000e+00,1.081131896972656250e+02,3.072072219848632812e+01,9.645173645019531250e+01,3.303733825683593750e+01,1.129810791015625000e+02,3.881704711914062500e+01,9.516538238525390625e+01,4.339948272705078125e+01,1.150989532470703125e+02,4.703781890869140625e+01,9.427526092529296875e+01,5.263724136352539062e+01,1.089267959594726562e+02,4.994770431518554688e+01,1.012938385009765625e+02,5.109288406372070312e+01,1.107925109863281250e+02,6.593378448486328125e+01,1.030292358398437500e+02,6.729068756103515625e+01,1.118117446899414062e+02,8.126916503906250000e+01,1.117525177001953125e+02,7.370751953125000000e+01
3.390000000000000000e+02,9.774556732177734375e+01,2.589236450195312500e+01,9.879787445068359375e+01,2.397930717468261719e+01,9.670824432373046875e+01,2.441442489624023438e+01,1.017871551513671875e+02,2.396287155151367188e+01,0.000000000000000000e+00,0.000000000000000000e+00,1.070210571289062500e+02,3.077253341674804688e+01,9.604780578613281250e+01,3.339434814453125000e+01,1.123794555664062500e+02,3.894464111328125000e+01,9.534736633300781250e+01,4.330851745605468750e+01,1.146167984008789062e+02,4.720201873779296875e+01,9.483930206298828125e+01,5.252635955810546875e+01,1.081699905395507812e+02,4.953420639038085938e+01,1.007096557617187500e+02,5.079015350341796875e+01,1.106029586791992188e+02,6.485761260986328125e+01,1.017763519287109375e+02,6.643358612060546875e+01,1.115952377319335938e+02,7.992951965332031250e+01,1.083962707519531250e+02,7.568137359619140625e+01
3.400000000000000000e+02,9.773880767822265625e+01,2.609408187866210938e+01,9.890862274169921875e+01,2.416356468200683594e+01,9.648710632324218750e+01,2.457264328002929688e+01,1.016241531372070312e+02,2.396569442749023438e+01,0.000000000000000000e+00,0.000000000000000000e+00,1.068784027099609375e+02,3.087714958190917969e+01,9.545127868652343750e+01,3.322445297241210938e+01,1.124008712768554688e+02,3.852713775634765625e+01,9.554493713378906250e+01,4.332036972045898438e+01,1.143209838867187500e+02,4.664277267456054688e+01,9.571977996826171875e+01,5.299456405639648438e+01,1.085051116943359375e+02,5.005894851684570312e+01,1.004956054687500000e+02,5.158377075195312500e+01,1.109403381347656250e+02,6.589117431640625000e+01,1.016935195922851562e+02,6.707662200927734375e+01,1.124467163085937500e+02,7.878239440917968750e+01,1.073344650268554688e+02,7.759231567382812500e+01
3.410000000000000000e+02,9.767463684082031250e+01,2.632031631469726562e+01,9.904549407958984375e+01,2.446377563476562500e+01,9.629361724853515625e+01,2.472378349304199219e+01,1.015233993530273438e+02,2.459124183654785156e+01,0.000000000000000000e+00,0.000000000000000000e+00,1.067221374511718750e+02,3.139139366149902344e+01,9.469755554199218750e+01,3.399114608764648438e+01,1.124221191406250000e+02,3.906698989868164062e+01,9.521852111816406250e+01,4.308502960205078125e+01,1.139422836303710938e+02,4.751945495605468750e+01,0.000000000000000000e+00,0.000000000000000000e+00,1.077165603637695312e+02,5.110374450683593750e+01,9.977191925048828125e+01,5.246323776245117188e+01,1.104509582519531250e+02,6.637135314941406250e+01,1.015276947021484375e+02,6.785604095458984375e+01,1.124290313720703125e+02,7.964184570312500000e+01,1.063796844482421875e+02,7.965160369873046875e+01
3.420000000000000000e+02,9.696249389648437500e+01,2.688009452819824219e+01,9.847373199462890625e+01,2.495179939270019531e+01,9.528601074218750000e+01,2.526112365722656250e+01,1.015700302124023438e+02,2.537851333618164062e+01,0.000000000000000000e+00,0.000000000000000000e+00,1.069150009155273438e+02,3.285290145874023438e+01,9.417620086669921875e+01,3.488927841186523438e+01,1.126278076171875000e+02,4.092357254028320312e+01,9.528580474853515625e+01,4.427449417114257812e+01,1.139293746948242188e+02,4.937122726440429688e+01,0.000000000000000000e+00,0.000000000000000000e+00,1.078059158325195312e+02,5.185118103027343750e+01,9.982186889648437500e+01,5.309872817993164062e+01,1.103266448974609375e+02,6.696956634521484375e+01,1.017091598510742188e+02,6.863534545898437500e+01,1.122102050781250000e+02,7.965317535400390625e+01,1.055980758666992188e+02,8.155076599121093750e+01
3.430000000000000000e+02,9.568054199218750000e+01,2.736617279052734375e+01,9.740943908691406250e+01,2.541375160217285156e+01,9.425752258300781250e+01,2.558767890930175781e+01,1.002894439697265625e+02,2.569776153564453125e+01,0.000000000000000000e+00,0.000000000000000000e+00,1.069102859497070312e+02,3.315028762817382812e+01,9.387467956542968750e+01,3.510399246215820312e+01,1.120152664184570312e+02,4.146104812622070312e+01,9.487543487548828125e+01,4.383190155029296875e+01,1.134973144531250000e+02,5.000202941894531250e+01,0.000000000000000000e+00,0.000000000000000000e+00,1.079082565307617188e+02,5.267084121704101562e+01,9.991829681396484375e+01,5.391125106811523438e+01,1.104670410156250000e+02,6.818904876708984375e+01,1.019716339111328125e+02,7.031099700927734375e+01,1.123298339843750000e+02,8.027983093261718750e+01,1.053474121093750000e+02,8.427758026123046875e+01
3.440000000000000000e+02,9.463214874267578125e+01,2.903824043273925781e+01,9.607666778564453125e+01,2.704706954956054688e+01,9.339109802246093750e+01,2.725716972351074219e+01,9.981929016113281250e+01,2.675780105590820312e+01,0.000000000000000000e+00,0.000000000000000000e+00,1.061071243286132812e+02,3.429724884033203125e+01,9.369655609130859375e+01,3.610533905029296875e+01,1.113580322265625000e+02,4.290116882324218750e+01,9.452827453613281250e+01,4.497835159301757812e+01,1.137927551269531250e+02,5.126560974121093750e+01,0.000000000000000000e+00,0.000000000000000000e+00,1.078826446533203125e+02,5.434234237670898438e+01,9.967582702636718750e+01,5.519136428833007812e+01,1.103785018920898438e+02,6.897359466552734375e+01,1.019290771484375000e+02,7.107470703125000000e+01,1.123757781982421875e+02,8.088221740722656250e+01,1.049031829833984375e+02,8.511132812500000000e+01
3.450000000000000000e+02,9.363047790527343750e+01,2.987500381469726562e+01,9.482791900634765625e+01,2.799197006225585938e+01,9.266492462158203125e+01,2.828388214111328125e+01,9.845902252197265625e+01,2.766219139099121094e+01,0.000000000000000000e+00,0.000000000000000000e+00,1.052939605712890625e+02,3.448229980468750000e+01,9.306871795654296875e+01,3.674488067626953125e+01,1.107921524047851562e+02,4.274875640869140625e+01,9.401939392089843750e+01,4.556801223754882812e+01,1.126372451782226562e+02,5.120516204833984375e+01,0.000000000000000000e+00,0.000000000000000000e+00,1.072434921264648438e+02,5.346059799194335938e+01,9.949731445312500000e+01,5.484234619140625000e+01,1.103265914916992188e+02,6.859454345703125000e+01,1.016494827270507812e+02,7.099452209472656250e+01,1.124315643310546875e+02,8.092698669433593750e+01,1.053902511596679688e+02,8.581179046630859375e+01
3.460000000000000000e+02,9.191778564453125000e+01,3.120434951782226562e+01,9.276068878173828125e+01,2.891234397888183594e+01,9.074789428710937500e+01,2.959298133850097656e+01,9.711166381835937500e+01,2.829973983764648438e+01,0.000000000000000000e+00,0.000000000000000000e+00,1.040533065795898438e+02,3.548546600341796875e+01,9.249797058105468750e+01,3.800939941406250000e+01,1.099350433349609375e+02,4.347368240356445312e+01,0.000000000000000000e+00,0.000000000000000000e+00,1.118111495971679688e+02,5.243940734863281250e+01,0.000000000000000000e+00,0.000000000000000000e+00,1.063164215087890625e+02,5.505487060546875000e+01,9.831668853759765625e+01,5.653897094726562500e+01,1.096800918579101562e+02,6.941452789306640625e+01,1.014778213500976562e+02,7.262004852294921875e+01,1.117803268432617188e+02,8.030171203613281250e+01,1.053809509277343750e+02,8.721082305908203125e+01
3.470000000000000000e+02,9.252783203125000000e+01,3.152965164184570312e+01,9.340872955322265625e+01,2.983531379699707031e+01,9.143325805664062500e+01,3.022349739074707031e+01,9.715205383300781250e+01,2.943930435180664062e+01,0.000000000000000000e+00,0.000000000000000000e+00,1.035584564208984375e+02,3.653150177001953125e+01,9.205406188964843750e+01,3.896103668212890625e+01,1.100089721679687500e+02,4.411619567871093750e+01,0.000000000000000000e+00,0.000000000000000000e+00,1.115026245117187500e+02,5.320000839233398438e+01,0.000000000000000000e+00,0.000000000000000000e+00,1.056402587890625000e+02,5.486315536499023438e+01,9.791246795654296875e+01,5.659253692626953125e+01,1.095574493408203125e+02,6.921737670898437500e+01,1.014746551513671875e+02,7.274197387695312500e+01,1.119895172119140625e+02,8.020162200927734375e+01,1.062311248779296875e+02,8.782325744628906250e+01
3.480000000000000000e+02,9.215097045898437500e+01,3.312250900268554688e+01,9.318035125732421875e+01,3.106761169433593750e+01,9.064907836914062500e+01,3.162851333618164062e+01,9.632040405273437500e+01,3.013687705993652344e+01,0.000000000000000000e+00,0.000000000000000000e+00,1.023672103881835938e+02,3.643614578247070312e+01,9.079701232910156250e+01,3.964537429809570312e+01,1.091837997436523438e+02,4.492076873779296875e+01,9.186191558837890625e+01,4.957492828369140625e+01,1.114830474853515625e+02,5.482498168945312500e+01,9.321517944335937500e+01,5.852925109863281250e+01,1.050825195312500000e+02,5.689361572265625000e+01,9.723811340332031250e+01,5.908083724975585938e+01,1.097101516723632812e+02,7.130638885498046875e+01,1.014832458496093750e+02,7.412029266357421875e+01,1.115566406250000000e+02,8.093168640136718750e+01,1.063795242309570312e+02,8.849609375000000000e+01
3.490000000000000000e+02,9.081813049316406250e+01,3.368346786499023438e+01,9.222592163085937500e+01,3.150407028198242188e+01,8.967662048339843750e+01,3.214851760864257812e+01,9.596649169921875000e+01,3.059296798706054688e+01,0.000000000000000000e+00,0.000000000000000000e+00,1.029783325195312500e+02,3.863303375244140625e+01,9.047584533691406250e+01,4.065951538085937500e+01,1.094614105224609375e+02,4.649119186401367188e+01,9.124589538574218750e+01,5.038881683349609375e+01,1.113796234130859375e+02,5.607746124267578125e+01,9.126177215576171875e+01,5.959465408325195312e+01,1.056591796875000000e+02,5.853547668457031250e+01,9.777304077148437500e+01,5.958283615112304688e+01,1.094756774902343750e+02,7.218109893798828125e+01,1.008381500244140625e+02,7.490088653564453125e+01,1.122812271118164062e+02,8.153247833251953125e+01,1.056537628173828125e+02,8.877894592285156250e+01
3.500000000000000000e+02,8.994739532470703125e+01,3.388730621337890625e+01,9.108060455322265625e+01,3.168474769592285156e+01,8.911672973632812500e+01,3.234426116943359375e+01,9.460073852539062500e+01,3.103538513183593750e+01,0.000000000000000000e+00,0.000000000000000000e+00,1.019058761596679688e+02,3.781816101074218750e+01,8.977660369873046875e+01,4.048421478271484375e+01,1.084116516113281250e+02,4.633897399902343750e+01,8.863402557373046875e+01,5.025924301147460938e+01,1.112028732299804688e+02,5.657567214965820312e+01,8.710850524902343750e+01,5.953840637207031250e+01,1.046073226928710938e+02,5.750128555297851562e+01,9.656167602539062500e+01,5.902727890014648438e+01,1.082753524780273438e+02,7.174526214599609375e+01,9.989251708984375000e+01,7.483964538574218750e+01,1.116803359985351562e+02,8.072914886474609375e+01,1.047080688476562500e+02,8.906813812255859375e+01
3.510000000000000000e+02,8.885380554199218750e+01,3.394233322143554688e+01,8.974137878417968750e+01,3.200085067749023438e+01,8.814476013183593750e+01,3.237392807006835938e+01,9.346915435791015625e+01,3.122183227539062500e+01,0.000000000000000000e+00,0.000000000000000000e+00,1.016553421020507812e+02,3.782890701293945312e+01,8.872746276855468750e+01,4.118993759155273438e+01,1.079911041259765625e+02,4.609785079956054688e+01,8.693510437011718750e+01,5.061070632934570312e+01,1.101984786987304688e+02,5.555652999877929688e+01,8.486684417724609375e+01,5.771547317504882812e+01,1.039969100952148438e+02,5.891681289672851562e+01,9.586213684082031250e+01,6.096991729736328125e+01,1.077415847778320312e+02,7.237216949462890625e+01,9.944752502441406250e+01,7.548585510253906250e+01,1.108328857421875000e+02,7.943539428710937500e+01,1.047647018432617188e+02,8.944711303710937500e+01
3.520000000000000000e+02,8.982272338867187500e+01,3.461901473999023438e+01,9.094921875000000000e+01,3.255282211303710938e+01,8.859057617187500000e+01,3.314302062988281250e+01,9.420219421386718750e+01,3.183867645263671875e+01,0.000000000000000000e+00,0.000000000000000000e+00,1.005364990234375000e+02,3.829943847656250000e+01,8.848379516601562500e+01,4.166997146606445312e+01,1.072946472167968750e+02,4.679030990600585938e+01,8.558492279052734375e+01,5.009687423706054688e+01,1.098710556030273438e+02,5.633824157714843750e+01,0.000000000000000000e+00,0.000000000000000000e+00,1.033184661865234375e+02,5.980698394775390625e+01,9.535619354248046875e+01,6.207258224487304688e+01,1.068066711425781250e+02,7.319838714599609375e+01,9.893524169921875000e+01,7.617149353027343750e+01,1.108912734985351562e+02,8.012010955810546875e+01,1.049529342651367188e+02,8.947360992431640625e+01
3.530000000000000000e+02,8.938446044921875000e+01,3.448427200317382812e+01,9.054889678955078125e+01,3.230216598510742188e+01,8.785058593750000000e+01,3.295153808593750000e+01,9.411116027832031250e+01,3.206540679931640625e+01,0.000000000000000000e+00,0.000000000000000000e+00,1.005151824951171875e+02,3.882517623901367188e+01,8.784854888916015625e+01,4.214529800415039062e+01,1.069007797241210938e+02,4.703824996948242188e+01,8.428266906738281250e+01,4.991026687622070312e+01,1.094636993408203125e+02,5.639900588989257812e+01,0.000000000000000000e+00,0.000000000000000000e+00,1.026879272460937500e+02,5.928578567504882812e+01,9.475919342041015625e+01,6.158609008789062500e+01,1.061257476806640625e+02,7.361324310302734375e+01,9.870568847656250000e+01,7.616024780273437500e+01,1.104946365356445312e+02,8.129107666015625000e+01,1.051048889160156250e+02,8.975152587890625000e+01
3.540000000000000000e+02,8.923375701904296875e+01,3.473981094360351562e+01,9.061182403564453125e+01,3.285345458984375000e+01,8.761140441894531250e+01,3.323821258544921875e+01,9.383950042724609375e+01,3.236761474609375000e+01,0.000000000000000000e+00,0.000000000000000000e+00,9.998130035400390625e+01,3.923900604248046875e+01,8.674125671386718750e+01,4.210752487182617188e+01,1.061091918945312500e+02,4.748310470581054688e+01,8.224515533447265625e+01,4.923358535766601562e+01,1.087310028076171875e+02,5.711186981201171875e+01,0.000000000000000000e+00,0.000000000000000000e+00,1.017346954345703125e+02,5.935771942138671875e+01,9.375068664550781250e+01,6.160665512084960938e+01,1.049913711547851562e+02,7.360139465332031250e+01,9.809484100341796875e+01,7.584511566162109375e+01,1.102590560913085938e+02,8.397000122070312500e+01,1.048623352050781250e+02,8.959393310546875000e+01
3.550000000000000000e+02,8.778274536132812500e+01,3.519687652587890625e+01,8.876502990722656250e+01,3.314998245239257812e+01,8.667518615722656250e+01,3.363623046875000000e+01,9.234936523437500000e+01,3.265998840332031250e+01,0.000000000000000000e+00,0.000000000000000000e+00,9.927893066406250000e+01,3.960173416137695312e+01,8.624156188964843750e+01,4.261489868164062500e+01,1.055748596191406250e+02,4.807640838623046875e+01,8.120979309082031250e+01,4.936380767822265625e+01,1.082168197631835938e+02,5.685225296020507812e+01,0.000000000000000000e+00,0.000000000000000000e+00,1.010955123901367188e+02,5.878553771972656250e+01,9.293595886230468750e+01,6.079048538208007812e+01,1.044432525634765625e+02,7.362558746337890625e+01,9.797898101806640625e+01,7.467813873291015625e+01,1.089933166503906250e+02,8.716420745849609375e+01,1.041046142578125000e+02,8.824009704589843750e+01
3.560000000000000000e+02,8.839379119873046875e+01,3.551167297363281250e+01,8.933255004882812500e+01,3.343032455444335938e+01,8.714999389648437500e+01,3.382546234130859375e+01,9.231475830078125000e+01,3.343275451660156250e+01,0.000000000000000000e+00,0.000000000000000000e+00,9.905952453613281250e+01,4.022761154174804688e+01,8.570658874511718750e+01,4.345014190673828125e+01,1.053049163818359375e+02,4.861738967895507812e+01,8.110838317871093750e+01,4.777868652343750000e+01,1.082817382812500000e+02,5.792471694946289062e+01,0.000000000000000000e+00,0.000000000000000000e+00,1.007294921875000000e+02,5.968835067749023438e+01,9.263290405273437500e+01,6.168270111083984375e+01,1.035816802978515625e+02,7.420119476318359375e+01,9.797620391845703125e+01,7.561094665527343750e+01,1.076661300659179688e+02,8.908199310302734375e+01,1.045525131225585938e+02,8.879313659667968750e+01
3.570000000000000000e+02,8.771683502197265625e+01,3.659590911865234375e+01,8.917987823486328125e+01,3.441528320312500000e+01,8.616857910156250000e+01,3.491102218627929688e+01,9.224758911132812500e+01,3.402611923217773438e+01,0.000000000000000000e+00,0.000000000000000000e+00,9.826908111572265625e+01,4.085599136352539062e+01,8.490451812744140625e+01,4.390258026123046875e+01,1.050956420898437500e+02,4.915291595458984375e+01,7.906407165527343750e+01,4.825448608398437500e+01,1.076212310791015625e+02,5.827183151245117188e+01,0.000000000000000000e+00,0.000000000000000000e+00,1.006835556030273438e+02,6.197830581665039062e+01,9.247979736328125000e+01,6.387682723999023438e+01,1.029032821655273438e+02,7.779620361328125000e+01,9.855968475341796875e+01,7.803209686279296875e+01,1.066852111816406250e+02,9.178742980957031250e+01,1.059223403930664062e+02,8.980472564697265625e+01
3.580000000000000000e+02,8.792153930664062500e+01,3.685007095336914062e+01,8.913481903076171875e+01,3.490055847167968750e+01,8.657106781005859375e+01,3.517382049560546875e+01,9.186183166503906250e+01,3.480751800537109375e+01,0.000000000000000000e+00,0.000000000000000000e+00,9.787255096435546875e+01,4.120263671875000000e+01,8.469042968750000000e+01,4.432147598266601562e+01,1.049792404174804688e+02,4.954986572265625000e+01,7.950502014160156250e+01,4.890918731689453125e+01,1.076444396972656250e+02,5.923160552978515625e+01,0.000000000000000000e+00,0.000000000000000000e+00,9.982386016845703125e+01,6.128468322753906250e+01,9.173939514160156250e+01,6.323126602172851562e+01,1.027666168212890625e+02,7.762152099609375000e+01,9.849572753906250000e+01,7.807535552978515625e+01,1.062177505493164062e+02,9.228094482421875000e+01,1.062260894775390625e+02,9.032948303222656250e+01
3.590000000000000000e+02,8.733781433105468750e+01,3.783418655395507812e+01,8.862073516845703125e+01,3.603480911254882812e+01,8.605070495605468750e+01,3.620172119140625000e+01,9.212575531005859375e+01,3.570733261108398438e+01,0.000000000000000000e+00,0.000000000000000000e+00,9.818118286132812500e+01,4.253878402709960938e+01,8.449082183837890625e+01,4.519766235351562500e+01,1.043568496704101562e+02,5.110813140869140625e+01,8.004032135009765625e+01,5.175619506835937500e+01,1.068441162109375000e+02,5.958066177368164062e+01,0.000000000000000000e+00,0.000000000000000000e+00,1.004278717041015625e+02,6.319766616821289062e+01,9.247319030761718750e+01,6.499653625488281250e+01,1.024803085327148438e+02,7.952584075927734375e+01,9.836715698242187500e+01,7.868434906005859375e+01,1.048292770385742188e+02,9.399924468994140625e+01,1.054781036376953125e+02,8.946961975097656250e+01
3.600000000000000000e+02,8.575753784179687500e+01,3.937441253662109375e+01,8.710538482666015625e+01,3.749251937866210938e+01,8.476379394531250000e+01,3.778184890747070312e+01,9.102216339111328125e+01,3.687164306640625000e+01,0.000000000000000000e+00,0.000000000000000000e+00,9.733935546875000000e+01,4.383731079101562500e+01,8.432500457763671875e+01,4.606291961669921875e+01,1.037687454223632812e+02,5.264894866943359375e+01,7.826339721679687500e+01,5.068568801879882812e+01,1.062944641113281250e+02,6.205112838745117188e+01,0.000000000000000000e+00,0.000000000000000000e+00,9.967468261718750000e+01,6.418077850341796875e+01,9.143418121337890625e+01,6.559576416015625000e+01,1.017319946289062500e+02,8.087010192871093750e+01,9.782973480224609375e+01,7.962270355224609375e+01,1.032373580932617188e+02,9.579899597167968750e+01,1.048848266601562500e+02,9.043133544921875000e+01
3.610000000000000000e+02,8.549954223632812500e+01,4.049802780151367188e+01,8.690509033203125000e+01,3.872491836547851562e+01,8.431656646728515625e+01,3.881618881225585938e+01,9.046057891845703125e+01,3.842931747436523438e+01,0.000000000000000000e+00,0.000000000000000000e+00,9.662366485595703125e+01,4.503119659423828125e+01,8.313082885742187500e+01,4.774026489257812500e+01,1.030836029052734375e+02,5.355770111083984375e+01,8.286898040771484375e+01,5.924293899536132812e+01,1.056643218994140625e+02,6.251013183593750000e+01,8.562437438964843750e+01,5.101796722412109375e+01,9.924575042724609375e+01,6.512044525146484375e+01,9.109044647216796875e+01,6.679895019531250000e+01,1.000495834350585938e+02,8.228608703613281250e+01,9.786701202392578125e+01,8.151477813720703125e+01,1.011510543823242188e+02,9.890659332275390625e+01,1.044170150756835938e+02,9.018212127685546875e+01
3.620000000000000000e+02,8.492067718505859375e+01,4.102573776245117188e+01,8.620124816894531250e+01,3.918088912963867188e+01,8.374969482421875000e+01,3.944073867797851562e+01,9.010279083251953125e+01,3.886853027343750000e+01,0.000000000000000000e+00,0.000000000000000000e+00,9.612097167968750000e+01,4.524207687377929688e+01,8.279858398437500000e+01,4.788903427124023438e+01,1.021528854370117188e+02,5.462951278686523438e+01,8.172442626953125000e+01,5.808908081054687500e+01,1.052226715087890625e+02,6.420115661621093750e+01,8.190862274169921875e+01,6.619981384277343750e+01,9.830027770996093750e+01,6.532264709472656250e+01,9.015690612792968750e+01,6.691664123535156250e+01,9.952220916748046875e+01,8.272963714599609375e+01,9.637805938720703125e+01,8.192496490478515625e+01,1.012042922973632812e+02,9.916270446777343750e+01,1.038893814086914062e+02,9.021089935302734375e+01
3.630000000000000000e+02,8.369808197021484375e+01,4.150570297241210938e+01,8.502576446533203125e+01,3.973305130004882812e+01,8.296548461914062500e+01,3.980701065063476562e+01,8.935745239257812500e+01,3.922156524658203125e+01,0.000000000000000000e+00,0.000000000000000000e+00,9.580069732666015625e+01,4.620339965820312500e+01,8.261569976806640625e+01,4.855778884887695312e+01,1.017341384887695312e+02,5.528824234008789062e+01,8.269434356689453125e+01,5.905047607421875000e+01,1.049238204956054688e+02,6.534858703613281250e+01,0.000000000000000000e+00,0.000000000000000000e+00,9.791547393798828125e+01,6.628766632080078125e+01,8.977866363525390625e+01,6.792372131347656250e+01,9.894564819335937500e+01,8.291535949707031250e+01,9.460186004638671875e+01,8.267245483398437500e+01,1.016950531005859375e+02,9.908750152587890625e+01,1.033758850097656250e+02,9.025099945068359375e+01
3.640000000000000000e+02,8.319997406005859375e+01,4.152119827270507812e+01,8.479200744628906250e+01,3.981913757324218750e+01,8.240145111083984375e+01,3.994335556030273438e+01,8.889376068115234375e+01,3.989961624145507812e+01,0.000000000000000000e+00,0.000000000000000000e+00,9.481259155273437500e+01,4.674333190917968750e+01,8.198609924316406250e+01,4.934684371948242188e+01,1.012252197265625000e+02,5.533081054687500000e+01,0.000000000000000000e+00,0.000000000000000000e+00,1.035472106933593750e+02,6.449274444580078125e+01,0.000000000000000000e+00,0.000000000000000000e+00,9.755167388916015625e+01,6.717961120605468750e+01,8.919646453857421875e+01,6.876592254638671875e+01,9.929737854003906250e+01,8.395393371582031250e+01,9.348785400390625000e+01,8.437753295898437500e+01,1.015774459838867188e+02,9.896508789062500000e+01,1.023665695190429688e+02,9.006755065917968750e+01
3.650000000000000000e+02,8.454211425781250000e+01,4.167196655273437500e+01,8.592089080810546875e+01,3.996637725830078125e+01,8.334432220458984375e+01,3.996055603027343750e+01,8.922383880615234375e+01,3.990167617797851562e+01,0.000000000000000000e+00,0.000000000000000000e+00,9.457915496826171875e+01,4.729790496826171875e+01,8.171364593505859375e+01,4.970748901367187500e+01,1.004911499023437500e+02,5.606609344482421875e+01,7.920025634765625000e+01,5.768113327026367188e+01,1.028085250854492188e+02,6.548491668701171875e+01,8.145824432373046875e+01,6.779385375976562500e+01,9.677610015869140625e+01,6.663537597656250000e+01,8.854238128662109375e+01,6.827594757080078125e+01,9.937069702148437500e+01,8.438349914550781250e+01,9.268862152099609375e+01,8.609400939941406250e+01,1.018323287963867188e+02,9.982927703857421875e+01,1.020241928100585938e+02,9.248282623291015625e+01
3.660000000000000000e+02,8.256738281250000000e+01,4.209059524536132812e+01,8.389085388183593750e+01,4.038464355468750000e+01,8.210213470458984375e+01,4.062081146240234375e+01,8.744113159179687500e+01,4.062998580932617188e+01,0.000000000000000000e+00,0.000000000000000000e+00,9.410371398925781250e+01,4.843406677246093750e+01,8.100281524658203125e+01,5.091084671020507812e+01,1.006063385009765625e+02,5.712851715087890625e+01,7.842118072509765625e+01,5.916399383544921875e+01,1.025392608642578125e+02,6.688899993896484375e+01,8.167082214355468750e+01,6.866227722167968750e+01,9.679097747802734375e+01,6.918458557128906250e+01,8.839567565917968750e+01,7.060330963134765625e+01,9.920676422119140625e+01,8.570344543457031250e+01,9.132175445556640625e+01,8.712213134765625000e+01,1.014158172607421875e+02,1.003448638916015625e+02,1.005718154907226562e+02,9.325892639160156250e+01
3.670000000000000000e+02,8.287626647949218750e+01,4.230663299560546875e+01,8.409381866455078125e+01,4.070107269287109375e+01,8.181466674804687500e+01,4.092444992065429688e+01,8.749642181396484375e+01,4.052740478515625000e+01,0.000000000000000000e+00,0.000000000000000000e+00,9.366034698486328125e+01,4.853188705444335938e+01,8.072376251220703125e+01,5.131517410278320312e+01,9.994401550292968750e+01,5.712215042114257812e+01,7.814515686035156250e+01,6.064697647094726562e+01,1.012944946289062500e+02,6.648242950439453125e+01,0.000000000000000000e+00,0.000000000000000000e+00,9.639875030517578125e+01,7.055996704101562500e+01,8.794898986816406250e+01,7.201199340820312500e+01,9.920639038085937500e+01,8.640193939208984375e+01,9.000457763671875000e+01,8.719705200195312500e+01,1.006444091796875000e+02,1.006016845703125000e+02,9.829856872558593750e+01,9.476542663574218750e+01
3.680000000000000000e+02,8.147197723388671875e+01,4.308640289306640625e+01,8.255097198486328125e+01,4.135672760009765625e+01,8.091209411621093750e+01,4.117378234863281250e+01,8.569139099121093750e+01,4.101004028320312500e+01,0.000000000000000000e+00,0.000000000000000000e+00,9.289483642578125000e+01,4.851306915283203125e+01,7.978500366210937500e+01,5.153101730346679688e+01,9.930870819091796875e+01,5.697251510620117188e+01,7.658671569824218750e+01,6.187470626831054688e+01,1.013178634643554688e+02,6.678881835937500000e+01,7.337276458740234375e+01,7.212074279785156250e+01,9.534828186035156250e+01,7.053142547607421875e+01,8.669334411621093750e+01,7.243674468994140625e+01,9.920216369628906250e+01,8.684256744384765625e+01,8.864222717285156250e+01,8.861937713623046875e+01,1.018146209716796875e+02,9.943162536621093750e+01,9.575950622558593750e+01,9.784066009521484375e+01
3.690000000000000000e+02,8.098209381103515625e+01,4.337933349609375000e+01,8.209353637695312500e+01,4.139851760864257812e+01,8.006108093261718750e+01,4.196400833129882812e+01,8.547747802734375000e+01,4.146981430053710938e+01,0.000000000000000000e+00,0.000000000000000000e+00,9.203428649902343750e+01,4.898582458496093750e+01,7.953745269775390625e+01,5.214123153686523438e+01,9.857408905029296875e+01,5.720080566406250000e+01,7.845127868652343750e+01,6.143468856811523438e+01,1.009268951416015625e+02,6.697936248779296875e+01,0.000000000000000000e+00,0.000000000000000000e+00,9.480500793457031250e+01,7.128881835937500000e+01,8.607421112060546875e+01,7.314584350585937500e+01,9.901596832275390625e+01,8.727657318115234375e+01,8.762424468994140625e+01,8.899395751953125000e+01,1.019636001586914062e+02,1.004939880371093750e+02,9.413521575927734375e+01,1.005125427246093750e+02
3.700000000000000000e+02,7.912703704833984375e+01,4.450164031982421875e+01,8.003484344482421875e+01,4.246386718750000000e+01,7.813797760009765625e+01,4.305719375610351562e+01,8.437066650390625000e+01,4.252400207519531250e+01,0.000000000000000000e+00,0.000000000000000000e+00,9.093155670166015625e+01,4.940782546997070312e+01,7.923425292968750000e+01,5.293659210205078125e+01,9.738323211669921875e+01,5.717674255371093750e+01,7.838136291503906250e+01,6.201834106445312500e+01,1.001511230468750000e+02,6.637538146972656250e+01,0.000000000000000000e+00,0.000000000000000000e+00,9.385639953613281250e+01,7.177185821533203125e+01,8.550843811035156250e+01,7.380245971679687500e+01,9.816759490966796875e+01,8.735238647460937500e+01,8.648359680175781250e+01,8.971579742431640625e+01,1.016228179931640625e+02,1.006908721923828125e+02,9.207668304443359375e+01,1.036895904541015625e+02
3.710000000000000000e+02,7.930693054199218750e+01,4.544087600708007812e+01,8.066408538818359375e+01,4.357401657104492188e+01,7.802189636230468750e+01,4.389653778076171875e+01,8.400321197509765625e+01,4.366666793823242188e+01,0.000000000000000000e+00,0.000000000000000000e+00,9.107917785644531250e+01,5.065565109252929688e+01,7.810806274414062500e+01,5.473442077636718750e+01,9.783425903320312500e+01,5.963443756103515625e+01,7.807452392578125000e+01,6.537957763671875000e+01,1.004911499023437500e+02,6.967428588867187500e+01,0.000000000000000000e+00,0.000000000000000000e+00,9.381615447998046875e+01,7.321536254882812500e+01,8.474210357666015625e+01,7.556639099121093750e+01,9.858094787597656250e+01,8.833906555175781250e+01,8.677787780761718750e+01,9.151499938964843750e+01,1.016517333984375000e+02,1.017573623657226562e+02,8.943653106689453125e+01,1.058781356811523438e+02
3.720000000000000000e+02,7.623565673828125000e+01,4.743669509887695312e+01,7.759451293945312500e+01,4.549691009521484375e+01,7.506787109375000000e+01,4.570879364013671875e+01,8.236322021484375000e+01,4.493978118896484375e+01,0.000000000000000000e+00,0.000000000000000000e+00,9.008796691894531250e+01,5.213922119140625000e+01,7.707221221923828125e+01,5.585543060302734375e+01,9.718569946289062500e+01,6.137532043457031250e+01,0.000000000000000000e+00,0.000000000000000000e+00,9.984314727783203125e+01,7.043137359619140625e+01,0.000000000000000000e+00,0.000000000000000000e+00,9.354711914062500000e+01,7.378889465332031250e+01,8.471064758300781250e+01,7.573335266113281250e+01,9.817642974853515625e+01,8.913404083251953125e+01,8.616855621337890625e+01,9.222080230712890625e+01,1.016774368286132812e+02,1.021149368286132812e+02,8.760792541503906250e+01,1.071116027832031250e+02
3.730000000000000000e+02,7.639454650878906250e+01,4.931911849975585938e+01,7.746174621582031250e+01,4.737605667114257812e+01,7.495491027832031250e+01,4.769485092163085938e+01,8.169303131103515625e+01,4.659960556030273438e+01,0.000000000000000000e+00,0.000000000000000000e+00,8.933801269531250000e+01,5.419968032836914062e+01,7.625912475585937500e+01,5.767432022094726562e+01,9.658265686035156250e+01,6.303004074096679688e+01,0.000000000000000000e+00,0.000000000000000000e+00,9.937358856201171875e+01,7.234787750244140625e+01,0.000000000000000000e+00,0.000000000000000000e+00,9.259808349609375000e+01,7.596099853515625000e+01,8.383271026611328125e+01,7.768476867675781250e+01,9.801732635498046875e+01,9.015274047851562500e+01,8.577999877929687500e+01,9.348902130126953125e+01,1.017867889404296875e+02,1.023695678710937500e+02,8.686071777343750000e+01,1.083243713378906250e+02
3.740000000000000000e+02,7.415625000000000000e+01,4.983035659790039062e+01,7.517855834960937500e+01,4.794182968139648438e+01,7.363549041748046875e+01,4.833675384521484375e+01,7.923820495605468750e+01,4.754849624633789062e+01,0.000000000000000000e+00,0.000000000000000000e+00,8.737763977050781250e+01,5.429037857055664062e+01,7.518543243408203125e+01,5.797465133666992188e+01,9.526401519775390625e+01,6.331020355224609375e+01,0.000000000000000000e+00,0.000000000000000000e+00,9.766830444335937500e+01,7.207584381103515625e+01,0.000000000000000000e+00,0.000000000000000000e+00,9.168738555908203125e+01,7.692459869384765625e+01,8.291957092285156250e+01,7.884238433837890625e+01,9.766171264648437500e+01,9.089231109619140625e+01,8.472394561767578125e+01,9.445716094970703125e+01,1.014922409057617188e+02,1.031929855346679688e+02,8.623129272460937500e+01,1.095726013183593750e+02
3.750000000000000000e+02,7.237679290771484375e+01,5.067875289916992188e+01,7.345117187500000000e+01,4.882967376708984375e+01,0.000000000000000000e+00,0.000000000000000000e+00,7.823674011230468750e+01,4.853807830810546875e+01,0.000000000000000000e+00,0.000000000000000000e+00,8.578620910644531250e+01,5.548760223388671875e+01,7.436634826660156250e+01,5.872453308105468750e+01,9.335094451904296875e+01,6.366135025024414062e+01,0.000000000000000000e+00,0.000000000000000000e+00,9.659672546386718750e+01,7.295068359375000000e+01,0.000000000000000000e+00,0.000000000000000000e+00,9.010224151611328125e+01,7.724067687988281250e+01,8.177563476562500000e+01,7.952581787109375000e+01,9.644096374511718750e+01,9.174328613281250000e+01,8.392796325683593750e+01,9.591194152832031250e+01,1.010535659790039062e+02,1.019135437011718750e+02,8.686758422851562500e+01,1.113377304077148438e+02
3.760000000000000000e+02,7.094454193115234375e+01,5.197385025024414062e+01,7.217831420898437500e+01,4.990960311889648438e+01,0.000000000000000000e+00,0.000000000000000000e+00,7.658961486816406250e+01,4.977770996093750000e+01,0.000000000000000000e+00,0.000000000000000000e+00,8.441650390625000000e+01,5.663647842407226562e+01,7.419055175781250000e+01,5.966491317749023438e+01,9.226232910156250000e+01,6.515966796875000000e+01,0.000000000000000000e+00,0.000000000000000000e+00,9.603570556640625000e+01,7.463928985595703125e+01,0.000000000000000000e+00,0.000000000000000000e+00,8.895797729492187500e+01,7.978305816650390625e+01,8.082812500000000000e+01,8.196319580078125000e+01,9.553266906738281250e+01,9.245527648925781250e+01,8.336238098144531250e+01,9.726908111572265625e+01,1.011414108276367188e+02,1.020163803100585938e+02,8.671264648437500000e+01,1.123640594482421875e+02
3.770000000000000000e+02,7.038691711425781250e+01,5.310655593872070312e+01,7.132115173339843750e+01,5.106698226928710938e+01,0.000000000000000000e+00,0.000000000000000000e+00,7.576502990722656250e+01,5.047009277343750000e+01,0.000000000000000000e+00,0.000000000000000000e+00,8.334379577636718750e+01,5.716052627563476562e+01,7.281757354736328125e+01,6.039319610595703125e+01,9.103639984130859375e+01,6.545085144042968750e+01,0.000000000000000000e+00,0.000000000000000000e+00,9.406979370117187500e+01,7.486708068847656250e+01,0.000000000000000000e+00,0.000000000000000000e+00,8.667355346679687500e+01,7.921556091308593750e+01,7.887612152099609375e+01,8.112223052978515625e+01,9.248918151855468750e+01,9.243512725830078125e+01,8.202239990234375000e+01,9.744962310791015625e+01,9.990674591064453125e+01,1.009958801269531250e+02,8.593314361572265625e+01,1.126552124023437500e+02
3.780000000000000000e+02,6.908748626708984375e+01,5.354955291748046875e+01,6.976211547851562500e+01,5.155960845947265625e+01,0.000000000000000000e+00,0.000000000000000000e+00,7.355245971679687500e+01,5.069524002075195312e+01,0.000000000000000000e+00,0.000000000000000000e+00,8.204094696044921875e+01,5.721991729736328125e+01,7.147061157226562500e+01,6.051839065551757812e+01,8.923347473144531250e+01,6.593452453613281250e+01,0.000000000000000000e+00,0.000000000000000000e+00,9.205752563476562500e+01,7.566046905517578125e+01,0.000000000000000000e+00,0.000000000000000000e+00,8.543988037109375000e+01,7.922967529296875000e+01,7.739719390869140625e+01,8.117625427246093750e+01,9.058135223388671875e+01,9.455636596679687500e+01,8.079373168945312500e+01,9.805934906005859375e+01,9.853596496582031250e+01,1.015246124267578125e+02,8.545989990234375000e+01,1.131268844604492188e+02
3.790000000000000000e+02,6.765457153320312500e+01,5.384055709838867188e+01,6.836103057861328125e+01,5.200719451904296875e+01,0.000000000000000000e+00,0.000000000000000000e+00,7.266838836669921875e+01,5.121855163574218750e+01,0.000000000000000000e+00,0.000000000000000000e+00,8.122757720947265625e+01,5.778007888793945312e+01,7.041942596435546875e+01,6.123186874389648438e+01,8.816918182373046875e+01,6.672537231445312500e+01,0.000000000000000000e+00,0.000000000000000000e+00,9.121809387207031250e+01,7.647005462646484375e+01,0.000000000000000000e+00,0.000000000000000000e+00,8.476136779785156250e+01,8.060749053955078125e+01,7.681669616699218750e+01,8.254853057861328125e+01,8.924349212646484375e+01,9.629161071777343750e+01,8.029818725585937500e+01,9.898511505126953125e+01,9.740658569335937500e+01,1.022124938964843750e+02,8.551526641845703125e+01,1.132737121582031250e+02
3.800000000000000000e+02,6.641362762451171875e+01,5.346542739868164062e+01,6.721160125732421875e+01,5.154565048217773438e+01,0.000000000000000000e+00,0.000000000000000000e+00,7.091352844238281250e+01,5.120514678955078125e+01,0.000000000000000000e+00,0.000000000000000000e+00,7.979000091552734375e+01,5.822303009033203125e+01,6.945422363281250000e+01,6.108966827392578125e+01,8.691691589355468750e+01,6.655291748046875000e+01,0.000000000000000000e+00,0.000000000000000000e+00,8.952729797363281250e+01,7.571813964843750000e+01,0.000000000000000000e+00,0.000000000000000000e+00,8.332747650146484375e+01,8.018320465087890625e+01,7.588454437255859375e+01,8.207182312011718750e+01,8.760807800292968750e+01,9.634387207031250000e+01,7.972248840332031250e+01,9.835616302490234375e+01,9.550524139404296875e+01,1.036127548217773438e+02,8.542457580566406250e+01,1.131831512451171875e+02
3.810000000000000000e+02,6.600355529785156250e+01,5.465770721435546875e+01,6.703543090820312500e+01,5.273413848876953125e+01,0.000000000000000000e+00,0.000000000000000000e+00,7.053450012207031250e+01,5.179871749877929688e+01,0.000000000000000000e+00,0.000000000000000000e+00,7.887361145019531250e+01,5.765411758422851562e+01,6.840090942382812500e+01,6.106620407104492188e+01,8.579613494873046875e+01,6.665668487548828125e+01,0.000000000000000000e+00,0.000000000000000000e+00,8.854798889160156250e+01,7.571186065673828125e+01,0.000000000000000000e+00,0.000000000000000000e+00,8.173121643066406250e+01,7.896237945556640625e+01,7.449954223632812500e+01,8.100775909423828125e+01,8.539144897460937500e+01,9.623699188232421875e+01,7.906888580322265625e+01,9.806263732910156250e+01,9.392546081542968750e+01,1.061020431518554688e+02,8.510157775878906250e+01,1.133300018310546875e+02
3.820000000000000000e+02,6.438452148437500000e+01,5.456222534179687500e+01,6.510244750976562500e+01,5.261632156372070312e+01,0.000000000000000000e+00,0.000000000000000000e+00,6.894337463378906250e+01,5.209103012084960938e+01,0.000000000000000000e+00,0.000000000000000000e+00,7.924065399169921875e+01,5.892326354980468750e+01,6.821684265136718750e+01,6.159286499023437500e+01,8.651824951171875000e+01,6.890854644775390625e+01,6.885019683837890625e+01,7.379054260253906250e+01,8.922545623779296875e+01,7.820674896240234375e+01,6.774994659423828125e+01,8.522540283203125000e+01,8.176376342773437500e+01,7.992340850830078125e+01,7.388954925537109375e+01,8.165009307861328125e+01,8.456939697265625000e+01,9.697474670410156250e+01,7.811079406738281250e+01,9.787078094482421875e+01,9.203599548339843750e+01,1.087888412475585938e+02,8.615073394775390625e+01,1.128130569458007812e+02
3.830000000000000000e+02,6.392614364624023438e+01,5.568876647949218750e+01,6.480895996093750000e+01,5.381370162963867188e+01,0.000000000000000000e+00,0.000000000000000000e+00,6.864389801025390625e+01,5.279994201660156250e+01,0.000000000000000000e+00,0.000000000000000000e+00,7.820321655273437500e+01,5.974560546875000000e+01,6.652865600585937500e+01,6.250468444824218750e+01,8.571293640136718750e+01,6.975474548339843750e+01,0.000000000000000000e+00,0.000000000000000000e+00,8.865191650390625000e+01,7.880383300781250000e+01,5.962956619262695312e+01,6.576000213623046875e+01,8.084266662597656250e+01,8.152868652343750000e+01,7.289588928222656250e+01,8.309295654296875000e+01,8.266842651367187500e+01,9.858956146240234375e+01,7.917396545410156250e+01,9.918453216552734375e+01,8.883880615234375000e+01,1.127270126342773438e+02,8.650901794433593750e+01,1.124585494995117188e+02
3.840000000000000000e+02,6.397959518432617188e+01,5.589774703979492188e+01,6.506424713134765625e+01,5.399557876586914062e+01,0.000000000000000000e+00,0.000000000000000000e+00,6.864719390869140625e+01,5.314862442016601562e+01,0.000000000000000000e+00,0.000000000000000000e+00,7.713299560546875000e+01,5.993157577514648438e+01,6.589725494384765625e+01,6.280993652343750000e+01,8.447885131835937500e+01,7.075229644775390625e+01,6.541639709472656250e+01,7.349397277832031250e+01,8.949289703369140625e+01,8.462653350830078125e+01,0.000000000000000000e+00,0.000000000000000000e+00,8.035327911376953125e+01,8.177934265136718750e+01,7.287335205078125000e+01,8.310268402099609375e+01,8.167385864257812500e+01,9.987556457519531250e+01,7.832765197753906250e+01,9.978989410400390625e+01,8.790660858154296875e+01,1.148511886596679688e+02,8.684355926513671875e+01,1.137633209228515625e+02
3.850000000000000000e+02,6.189197158813476562e+01,5.799060821533203125e+01,6.311153411865234375e+01,5.610537338256835938e+01,6.125261688232421875e+01,5.613402175903320312e+01,6.732913208007812500e+01,5.528365707397460938e+01,0.000000000000000000e+00,0.000000000000000000e+00,7.485013580322265625e+01,6.260427856445312500e+01,6.470458984375000000e+01,6.488234710693359375e+01,8.271160888671875000e+01,7.228940582275390625e+01,0.000000000000000000e+00,0.000000000000000000e+00,8.608222198486328125e+01,8.280877685546875000e+01,0.000000000000000000e+00,0.000000000000000000e+00,7.854089355468750000e+01,8.441510772705078125e+01,7.162385559082031250e+01,8.548271942138671875e+01,8.095110321044921875e+01,1.017760238647460938e+02,7.690403747558593750e+01,1.008811111450195312e+02,8.423881530761718750e+01,1.187822113037109375e+02,8.551107788085937500e+01,1.133811340332031250e+02
3.860000000000000000e+02,6.195799636840820312e+01,5.950854110717773438e+01,6.312321853637695312e+01,5.767152023315429688e+01,6.077626800537109375e+01,5.761466598510742188e+01,6.729189300537109375e+01,5.650872802734375000e+01,0.000000000000000000e+00,0.000000000000000000e+00,7.466558837890625000e+01,6.384965896606445312e+01,6.298293685913085938e+01,6.566640472412109375e+01,8.250017547607421875e+01,7.310172271728515625e+01,5.379880142211914062e+01,7.823158264160156250e+01,8.563025665283203125e+01,8.281179046630859375e+01,5.512088012695312500e+01,6.749797821044921875e+01,7.817682647705078125e+01,8.621842193603515625e+01,7.050208282470703125e+01,8.682540893554687500e+01,8.055781555175781250e+01,1.036891860961914062e+02,5.902787780761718750e+01,8.522953033447265625e+01,8.233339691162109375e+01,1.195201568603515625e+02,6.311955642700195312e+01,1.130550384521484375e+02
3.870000000000000000e+02,6.135811614990234375e+01,6.053544616699218750e+01,6.284109497070312500e+01,5.865033340454101562e+01,6.018722534179687500e+01,5.864636611938476562e+01,6.719966888427734375e+01,5.816734695434570312e+01,0.000000000000000000e+00,0.000000000000000000e+00,7.323974609375000000e+01,6.493068695068359375e+01,6.122390365600585938e+01,6.721068572998046875e+01,8.031968688964843750e+01,7.486215209960937500e+01,5.316809844970703125e+01,7.934066772460937500e+01,8.423215484619140625e+01,8.522467041015625000e+01,5.400447463989257812e+01,6.903246307373046875e+01,7.563891601562500000e+01,8.568478393554687500e+01,6.953592681884765625e+01,8.729354858398437500e+01,7.895506286621093750e+01,1.039921035766601562e+02,7.840609741210937500e+01,1.031685638427734375e+02,8.084262084960937500e+01,1.217490844726562500e+02,8.574970245361328125e+01,1.130927200317382812e+02
3.880000000000000000e+02,6.035803222656250000e+01,6.066825485229492188e+01,6.173546600341796875e+01,5.874519729614257812e+01,5.939965820312500000e+01,5.893170166015625000e+01,6.620251464843750000e+01,5.857999420166015625e+01,0.000000000000000000e+00,0.000000000000000000e+00,7.304389190673828125e+01,6.602587890625000000e+01,6.129579162597656250e+01,6.812460327148437500e+01,8.127476501464843750e+01,7.512767028808593750e+01,5.725486755371093750e+01,7.742151641845703125e+01,8.363096618652343750e+01,8.529985809326171875e+01,5.554002761840820312e+01,8.110880279541015625e+01,7.652058410644531250e+01,8.746630859375000000e+01,6.972689056396484375e+01,8.886732482910156250e+01,7.861640167236328125e+01,1.058704147338867188e+02,7.767099761962890625e+01,1.043048706054687500e+02,7.977105712890625000e+01,1.246671295166015625e+02,8.502980041503906250e+01,1.144928588867187500e+02
3.890000000000000000e+02,5.973945617675781250e+01,6.187198257446289062e+01,6.120321655273437500e+01,6.003333663940429688e+01,5.934716796875000000e+01,6.012805175781250000e+01,6.540135192871093750e+01,5.981178283691406250e+01,0.000000000000000000e+00,0.000000000000000000e+00,7.191003417968750000e+01,6.782721710205078125e+01,6.130524444580078125e+01,6.970472717285156250e+01,8.061203765869140625e+01,7.594081878662109375e+01,5.554677963256835938e+01,7.925003051757812500e+01,8.315317535400390625e+01,8.542765808105468750e+01,5.231872558593750000e+01,7.159137725830078125e+01,7.605755615234375000e+01,8.878182220458984375e+01,6.906545257568359375e+01,8.994636535644531250e+01,7.817710113525390625e+01,1.062090377807617188e+02,7.712287902832031250e+01,1.047561874389648438e+02,7.976503753662109375e+01,1.254494552612304688e+02,8.481002807617187500e+01,1.137603378295898438e+02
3.900000000000000000e+02,5.854077529907226562e+01,6.227521514892578125e+01,5.985186004638671875e+01,6.036281585693359375e+01,0.000000000000000000e+00,0.000000000000000000e+00,6.381542587280273438e+01,6.036036300659179688e+01,0.000000000000000000e+00,0.000000000000000000e+00,7.120806121826171875e+01,6.772947692871093750e+01,6.065611267089843750e+01,6.974271392822265625e+01,7.991019439697265625e+01,7.619469451904296875e+01,5.500322723388671875e+01,7.986664581298828125e+01,8.291874694824218750e+01,8.631375122070312500e+01,5.121901702880859375e+01,7.205845642089843750e+01,7.475801849365234375e+01,8.898164367675781250e+01,6.843824768066406250e+01,9.048073577880859375e+01,7.732169342041015625e+01,1.080750885009765625e+02,7.592454528808593750e+01,1.063677291870117188e+02,7.981818389892578125e+01,1.260112686157226562e+02,8.400392150878906250e+01,1.138924102783203125e+02
3.910000000000000000e+02,5.816633605957031250e+01,6.259991073608398438e+01,5.940806961059570312e+01,6.084449386596679688e+01,5.769195938110351562e+01,6.079593276977539062e+01,6.357025527954101562e+01,6.042768478393554688e+01,0.000000000000000000e+00,0.000000000000000000e+00,7.065423583984375000e+01,6.828768157958984375e+01,5.968943023681640625e+01,7.028337860107421875e+01,7.827610015869140625e+01,7.695005798339843750e+01,5.477212142944335938e+01,8.060177612304687500e+01,8.166169738769531250e+01,8.749070739746093750e+01,5.047953796386718750e+01,8.719741058349609375e+01,7.456510925292968750e+01,8.944570922851562500e+01,6.711676788330078125e+01,9.107142639160156250e+01,7.692955017089843750e+01,1.079923858642578125e+02,7.303199768066406250e+01,1.069590225219726562e+02,7.961505126953125000e+01,1.257490692138671875e+02,8.276897430419921875e+01,1.145507888793945312e+02
3.920000000000000000e+02,5.656768798828125000e+01,6.277839279174804688e+01,5.798404312133789062e+01,6.094335937500000000e+01,0.000000000000000000e+00,0.000000000000000000e+00,6.248910140991210938e+01,6.055654525756835938e+01,0.000000000000000000e+00,0.000000000000000000e+00,6.932692718505859375e+01,6.879401397705078125e+01,5.845071792602539062e+01,7.056814575195312500e+01,7.723439025878906250e+01,7.712550354003906250e+01,5.477142715454101562e+01,8.035000610351562500e+01,8.032865142822265625e+01,8.734025573730468750e+01,5.076610183715820312e+01,8.836230468750000000e+01,7.332122039794921875e+01,8.972789764404296875e+01,6.610639190673828125e+01,9.082882690429687500e+01,7.559242248535156250e+01,1.090190887451171875e+02,7.075663757324218750e+01,1.083541412353515625e+02,7.955556488037109375e+01,1.262443313598632812e+02,8.174771881103515625e+01,1.144809417724609375e+02
3.930000000000000000e+02,5.561152267456054688e+01,6.319136428833007812e+01,5.688391494750976562e+01,6.145735168457031250e+01,0.000000000000000000e+00,0.000000000000000000e+00,6.088741302490234375e+01,6.116360473632812500e+01,0.000000000000000000e+00,0.000000000000000000e+00,6.879183959960937500e+01,6.922824096679687500e+01,5.792353057861328125e+01,7.104469299316406250e+01,7.741155242919921875e+01,7.895406341552734375e+01,5.578600692749023438e+01,8.071955871582031250e+01,7.954081726074218750e+01,9.046496582031250000e+01,5.011892318725585938e+01,7.400326538085937500e+01,7.285350036621093750e+01,9.111749267578125000e+01,6.536161041259765625e+01,9.228285217285156250e+01,7.622087097167968750e+01,1.101892242431640625e+02,6.965943145751953125e+01,1.100856552124023438e+02,7.955487060546875000e+01,1.252588653564453125e+02,7.987719726562500000e+01,1.148766098022460938e+02
3.940000000000000000e+02,5.495016098022460938e+01,6.344076156616210938e+01,5.620963668823242188e+01,6.175206375122070312e+01,0.000000000000000000e+00,0.000000000000000000e+00,6.088156509399414062e+01,6.158478546142578125e+01,0.000000000000000000e+00,0.000000000000000000e+00,6.796936035156250000e+01,6.922953033447265625e+01,5.685730743408203125e+01,7.137794494628906250e+01,7.629129028320312500e+01,7.934072875976562500e+01,5.652766799926757812e+01,8.272013854980468750e+01,7.876423645019531250e+01,9.042334747314453125e+01,4.831881332397460938e+01,7.496854400634765625e+01,7.101646423339843750e+01,8.951856994628906250e+01,6.301361083984375000e+01,9.091450500488281250e+01,7.640010833740234375e+01,1.081138229370117188e+02,5.606505966186523438e+01,1.018511657714843750e+02,7.963146209716796875e+01,1.251214141845703125e+02,6.137641906738281250e+01,1.184598083496093750e+02
3.950000000000000000e+02,5.417908477783203125e+01,6.452397918701171875e+01,5.522764205932617188e+01,6.264380645751953125e+01,0.000000000000000000e+00,0.000000000000000000e+00,5.953362274169921875e+01,6.222798156738281250e+01,0.000000000000000000e+00,0.000000000000000000e+00,6.681069183349609375e+01,7.033287048339843750e+01,5.664540863037109375e+01,7.249810791015625000e+01,7.547390747070312500e+01,7.959628295898437500e+01,5.701068878173828125e+01,8.444380187988281250e+01,7.800016784667968750e+01,9.098081207275390625e+01,5.479187011718750000e+01,9.470187377929687500e+01,7.171127319335937500e+01,9.403322601318359375e+01,6.366451644897460938e+01,9.506042480468750000e+01,7.616854095458984375e+01,1.107496185302734375e+02,6.581954956054687500e+01,1.116664733886718750e+02,7.883412933349609375e+01,1.245646514892578125e+02,7.595182037353515625e+01,1.185574798583984375e+02
3.960000000000000000e+02,5.239803695678710938e+01,6.491607666015625000e+01,5.348263931274414062e+01,6.325370407104492188e+01,0.000000000000000000e+00,0.000000000000000000e+00,5.791062927246093750e+01,6.317147445678710938e+01,0.000000000000000000e+00,0.000000000000000000e+00,6.586273956298828125e+01,6.996064758300781250e+01,5.535934066772460938e+01,7.262193298339843750e+01,7.467160034179687500e+01,7.909625244140625000e+01,0.000000000000000000e+00,0.000000000000000000e+00,7.719235992431640625e+01,8.990148925781250000e+01,0.000000000000000000e+00,0.000000000000000000e+00,7.023297119140625000e+01,9.276352691650390625e+01,6.204855346679687500e+01,9.458538055419921875e+01,7.540518188476562500e+01,1.093063201904296875e+02,6.454402160644531250e+01,1.116409072875976562e+02,7.939582061767578125e+01,1.227342758178710938e+02,7.369757843017578125e+01,1.223414306640625000e+02
3.970000000000000000e+02,5.195830154418945312e+01,6.623639678955078125e+01,5.335224914550781250e+01,6.447660827636718750e+01,5.145189285278320312e+01,6.440153503417968750e+01,5.758109283447265625e+01,6.445469665527343750e+01,0.000000000000000000e+00,0.000000000000000000e+00,6.468062591552734375e+01,7.108574676513671875e+01,5.403844070434570312e+01,7.377021789550781250e+01,7.377634429931640625e+01,7.974031829833984375e+01,4.503210449218750000e+01,8.517811584472656250e+01,7.654296112060546875e+01,9.042050933837890625e+01,4.595828628540039062e+01,7.581102752685546875e+01,7.024165344238281250e+01,9.410868835449218750e+01,6.190413284301757812e+01,9.618311309814453125e+01,7.528892517089843750e+01,1.109497451782226562e+02,6.289133071899414062e+01,1.132953414916992188e+02,7.986888885498046875e+01,1.250780029296875000e+02,7.166102600097656250e+01,1.254353179931640625e+02
3.980000000000000000e+02,5.093097686767578125e+01,6.751608276367187500e+01,5.246286773681640625e+01,6.565271759033203125e+01,5.020044326782226562e+01,6.554049682617187500e+01,5.675236892700195312e+01,6.532170104980468750e+01,0.000000000000000000e+00,0.000000000000000000e+00,6.318537139892578125e+01,7.197605133056640625e+01,5.295509719848632812e+01,7.468402862548828125e+01,7.231632232666015625e+01,7.981486511230468750e+01,4.481811523437500000e+01,8.561276245117187500e+01,7.617813110351562500e+01,8.948515319824218750e+01,4.590370941162109375e+01,7.611330413818359375e+01,6.898360443115234375e+01,9.367189788818359375e+01,6.070795059204101562e+01,9.544619750976562500e+01,7.487585449218750000e+01,1.109102096557617188e+02,6.070143890380859375e+01,1.130285949707031250e+02,7.985887145996093750e+01,1.253087234497070312e+02,6.887141418457031250e+01,1.287318878173828125e+02
3.990000000000000000e+02,4.969669723510742188e+01,6.867131042480468750e+01,5.146590042114257812e+01,6.676107788085937500e+01,4.872753906250000000e+01,6.685160064697265625e+01,5.541984176635742188e+01,6.665980529785156250e+01,0.000000000000000000e+00,0.000000000000000000e+00,6.200357437133789062e+01,7.390972137451171875e+01,4.940517044067382812e+01,7.668017578125000000e+01,7.153697967529296875e+01,8.198174285888671875e+01,4.374745941162109375e+01,8.707663726806640625e+01,7.494198608398437500e+01,9.215760803222656250e+01,4.455650711059570312e+01,7.791171264648437500e+01,6.787425994873046875e+01,9.573181152343750000e+01,5.879349136352539062e+01,9.829387664794921875e+01,7.462913513183593750e+01,1.125866394042968750e+02,6.145022964477539062e+01,1.169413146972656250e+02,7.951512908935546875e+01,1.255391006469726562e+02,6.566406250000000000e+01,1.329938201904296875e+02
4.000000000000000000e+02,4.939775466918945312e+01,7.064958953857421875e+01,5.121882629394531250e+01,6.858694458007812500e+01,4.807999038696289062e+01,6.888275146484375000e+01,5.536819458007812500e+01,6.824439239501953125e+01,0.000000000000000000e+00,0.000000000000000000e+00,6.163969421386718750e+01,7.488300323486328125e+01,4.804981231689453125e+01,7.816851806640625000e+01,6.994996643066406250e+01,8.341517639160156250e+01,4.323633956909179688e+01,8.766020202636718750e+01,7.466303253173828125e+01,9.291924285888671875e+01,4.450629806518554688e+01,7.822770690917968750e+01,6.759342956542968750e+01,9.779476165771484375e+01,5.794596481323242188e+01,1.006367492675781250e+02,7.405303955078125000e+01,1.127250900268554688e+02,6.110723876953125000e+01,1.178740386962890625e+02,7.915654754638671875e+01,1.255676193237304688e+02,6.307917022705078125e+01,1.346916198730468750e+02
4.010000000000000000e+02,4.745910263061523438e+01,7.241420745849609375e+01,4.870677185058593750e+01,7.036418914794921875e+01,4.647456741333007812e+01,7.044039916992187500e+01,5.324434280395507812e+01,6.970798492431640625e+01,0.000000000000000000e+00,0.000000000000000000e+00,6.149113082885742188e+01,7.632084655761718750e+01,4.776207733154296875e+01,7.988368225097656250e+01,7.009709167480468750e+01,8.477776336669921875e+01,4.252775955200195312e+01,8.834639739990234375e+01,7.351015472412109375e+01,9.354991912841796875e+01,4.287008666992187500e+01,7.939690399169921875e+01,6.653912353515625000e+01,9.967955017089843750e+01,5.672121810913085938e+01,1.025329437255859375e+02,7.398235321044921875e+01,1.140455627441406250e+02,5.994222640991210938e+01,1.194661636352539062e+02,7.905276489257812500e+01,1.264005050659179688e+02,6.164188003540039062e+01,1.353704986572265625e+02
4.020000000000000000e+02,4.706193923950195312e+01,7.485906982421875000e+01,4.842740631103515625e+01,7.270294952392578125e+01,4.521327972412109375e+01,7.283840179443359375e+01,5.320684432983398438e+01,7.159268951416015625e+01,0.000000000000000000e+00,0.000000000000000000e+00,5.962377548217773438e+01,7.785393524169921875e+01,4.541647338867187500e+01,8.171681976318359375e+01,6.925228881835937500e+01,8.546376037597656250e+01,4.202714157104492188e+01,8.962613677978515625e+01,7.248011016845703125e+01,9.425268554687500000e+01,4.242167663574218750e+01,7.873745727539062500e+01,6.568795013427734375e+01,1.011504669189453125e+02,5.639531707763671875e+01,1.039977264404296875e+02,7.331140136718750000e+01,1.153350448608398438e+02,5.894415664672851562e+01,1.210861053466796875e+02,7.904475402832031250e+01,1.269958114624023438e+02,6.077759170532226562e+01,1.378159332275390625e+02
4.030000000000000000e+02,4.664475631713867188e+01,7.500979614257812500e+01,4.823373031616210938e+01,7.222722625732421875e+01,4.486352539062500000e+01,7.292160034179687500e+01,5.260073471069335938e+01,7.152526855468750000e+01,0.000000000000000000e+00,0.000000000000000000e+00,5.897410964965820312e+01,7.952888488769531250e+01,4.524600601196289062e+01,8.277224731445312500e+01,6.819999694824218750e+01,8.715689086914062500e+01,4.514548492431640625e+01,9.294780731201171875e+01,7.112402343750000000e+01,9.574507904052734375e+01,4.934045410156250000e+01,1.023726882934570312e+02,6.411860656738281250e+01,1.016473541259765625e+02,5.496317291259765625e+01,1.044543762207031250e+02,7.116536712646484375e+01,1.149646987915039062e+02,5.764243698120117188e+01,1.213054351806640625e+02,7.875450134277343750e+01,1.260938262939453125e+02,6.088211441040039062e+01,1.380449066162109375e+02
4.040000000000000000e+02,4.491381835937500000e+01,7.588901519775390625e+01,4.564471817016601562e+01,7.364010620117187500e+01,4.332610702514648438e+01,7.429135894775390625e+01,5.013116836547851562e+01,7.242429351806640625e+01,0.000000000000000000e+00,0.000000000000000000e+00,5.717129135131835938e+01,7.979617309570312500e+01,4.479284667968750000e+01,8.298434448242187500e+01,6.621587371826171875e+01,8.769427490234375000e+01,4.157204055786132812e+01,9.079754638671875000e+01,7.027094268798828125e+01,9.518124389648437500e+01,0.000000000000000000e+00,0.000000000000000000e+00,6.204586410522460938e+01,1.025513305664062500e+02,5.294630050659179688e+01,1.048281097412109375e+02,6.854460144042968750e+01,1.162128448486328125e+02,5.588098144531250000e+01,1.230348663330078125e+02,7.830665588378906250e+01,1.266064453125000000e+02,6.042187118530273438e+01,1.392854919433593750e+02
4.050000000000000000e+02,4.173233413696289062e+01,7.518264007568359375e+01,4.329816055297851562e+01,7.319373321533203125e+01,0.000000000000000000e+00,0.000000000000000000e+00,4.795622253417968750e+01,7.320101928710937500e+01,0.000000000000000000e+00,0.000000000000000000e+00,5.625111389160156250e+01,8.045501708984375000e+01,4.333685302734375000e+01,8.373298645019531250e+01,6.437390136718750000e+01,8.834275054931640625e+01,4.089570999145507812e+01,9.199784851074218750e+01,6.875682830810546875e+01,9.625380706787109375e+01,0.000000000000000000e+00,0.000000000000000000e+00,6.063686752319335938e+01,1.036845092773437500e+02,5.187461471557617188e+01,1.062983474731445312e+02,6.677449798583984375e+01,1.185839691162109375e+02,5.538333511352539062e+01,1.253778533935546875e+02,7.664212036132812500e+01,1.264810180664062500e+02,6.019968032836914062e+01,1.407061920166015625e+02
4.060000000000000000e+02,4.073949813842773438e+01,7.636133575439453125e+01,4.208459091186523438e+01,7.450477600097656250e+01,4.025487899780273438e+01,7.449324798583984375e+01,4.644243621826171875e+01,7.384170532226562500e+01,0.000000000000000000e+00,0.000000000000000000e+00,5.522783660888671875e+01,8.048266601562500000e+01,4.261336898803710938e+01,8.447792053222656250e+01,6.218230056762695312e+01,8.875893402099609375e+01,3.958089065551757812e+01,9.224737548828125000e+01,6.632993316650390625e+01,9.693257904052734375e+01,3.928504562377929688e+01,8.435412597656250000e+01,5.888531112670898438e+01,1.045715179443359375e+02,5.008198165893554688e+01,1.067280654907226562e+02,6.418511962890625000e+01,1.204989318847656250e+02,5.407248306274414062e+01,1.248256912231445312e+02,7.433175659179687500e+01,1.261528930664062500e+02,5.955582809448242188e+01,1.402813110351562500e+02
4.070000000000000000e+02,3.961653518676757812e+01,7.727604675292968750e+01,4.082596969604492188e+01,7.522242736816406250e+01,3.938143539428710938e+01,7.512210083007812500e+01,4.540929412841796875e+01,7.438619232177734375e+01,0.000000000000000000e+00,0.000000000000000000e+00,5.401099777221679688e+01,8.157750701904296875e+01,4.130830001831054688e+01,8.463446807861328125e+01,6.174646759033203125e+01,8.947791290283203125e+01,3.884335708618164062e+01,9.225469970703125000e+01,6.552964782714843750e+01,9.989978027343750000e+01,0.000000000000000000e+00,0.000000000000000000e+00,5.794519805908203125e+01,1.054277572631835938e+02,4.903771209716796875e+01,1.073061218261718750e+02,6.206641769409179688e+01,1.229076232910156250e+02,5.298237991333007812e+01,1.249602890014648438e+02,7.252735900878906250e+01,1.273745117187500000e+02,5.949777221679687500e+01,1.405761108398437500e+02
4.080000000000000000e+02,3.809531784057617188e+01,7.794807434082031250e+01,3.924377059936523438e+01,7.590593719482421875e+01,3.762010574340820312e+01,7.603017425537109375e+01,4.431810760498046875e+01,7.510848236083984375e+01,0.000000000000000000e+00,0.000000000000000000e+00,5.282814025878906250e+01,8.185100555419921875e+01,4.068655776977539062e+01,8.503134155273437500e+01,6.105861282348632812e+01,9.106139373779296875e+01,3.951175308227539062e+01,9.359035491943359375e+01,6.436453247070312500e+01,1.009996185302734375e+02,3.893260574340820312e+01,8.427967834472656250e+01,5.614234924316406250e+01,1.058947067260742188e+02,4.725552749633789062e+01,1.074693298339843750e+02,5.965080261230468750e+01,1.237122650146484375e+02,5.244734573364257812e+01,1.254244689941406250e+02,7.010002136230468750e+01,1.293661499023437500e+02,5.964278793334960938e+01,1.411973419189453125e+02
4.090000000000000000e+02,3.825693130493164062e+01,7.958998870849609375e+01,3.938870620727539062e+01,7.753492736816406250e+01,3.705244064331054688e+01,7.786630249023437500e+01,4.379584121704101562e+01,7.632652282714843750e+01,0.000000000000000000e+00,0.000000000000000000e+00,5.151795578002929688e+01,8.337406921386718750e+01,3.895193481445312500e+01,8.594866943359375000e+01,5.861855697631835938e+01,9.266564941406250000e+01,3.706830596923828125e+01,9.727650451660156250e+01,6.166150283813476562e+01,1.026026687622070312e+02,3.395962142944335938e+01,1.098221435546875000e+02,5.468222045898437500e+01,1.068007583618164062e+02,4.603583526611328125e+01,1.081543579101562500e+02,5.573765563964843750e+01,1.255123825073242188e+02,5.149409103393554688e+01,1.260844116210937500e+02,6.231081390380859375e+01,1.392079772949218750e+02,6.072978591918945312e+01,1.388104705810546875e+02
4.100000000000000000e+02,3.654270935058593750e+01,7.956218719482421875e+01,3.779425048828125000e+01,7.749847412109375000e+01,3.584057998657226562e+01,7.802453613281250000e+01,4.244092559814453125e+01,7.629406738281250000e+01,0.000000000000000000e+00,0.000000000000000000e+00,5.032945632934570312e+01,8.310824584960937500e+01,3.753152084350585938e+01,8.666215515136718750e+01,5.821042633056640625e+01,9.281447601318359375e+01,3.496516036987304688e+01,9.740968322753906250e+01,6.153805923461914062e+01,1.024916534423828125e+02,3.122712135314941406e+01,1.093851318359375000e+02,5.367356491088867188e+01,1.075787811279296875e+02,4.551670837402343750e+01,1.095727005004882812e+02,5.541255569458007812e+01,1.268129119873046875e+02,5.152178955078125000e+01,1.273609848022460938e+02,6.188953018188476562e+01,1.413756256103515625e+02,6.031988525390625000e+01,1.401344604492187500e+02
4.110000000000000000e+02,3.526750946044921875e+01,8.074657440185546875e+01,3.655667877197265625e+01,7.854019165039062500e+01,3.362035751342773438e+01,7.926928710937500000e+01,4.112606430053710938e+01,7.762130737304687500e+01,0.000000000000000000e+00,0.000000000000000000e+00,4.844184875488281250e+01,8.457543945312500000e+01,3.562320327758789062e+01,8.786730194091796875e+01,5.631438827514648438e+01,9.538066101074218750e+01,3.196434020996093750e+01,9.886246490478515625e+01,6.014693450927734375e+01,1.063402709960937500e+02,2.756628227233886719e+01,1.096751556396484375e+02,5.192881774902343750e+01,1.089007568359375000e+02,4.367913818359375000e+01,1.103918457031250000e+02,5.339143371582031250e+01,1.266845169067382812e+02,5.008667373657226562e+01,1.270421829223632812e+02,5.888100433349609375e+01,1.431576690673828125e+02,5.851082229614257812e+01,1.399533996582031250e+02
4.120000000000000000e+02,3.440432739257812500e+01,8.116224670410156250e+01,3.534286880493164062e+01,7.904638671875000000e+01,3.336066436767578125e+01,7.952374267578125000e+01,3.915067291259765625e+01,7.863545989990234375e+01,0.000000000000000000e+00,0.000000000000000000e+00,4.728447341918945312e+01,8.545088195800781250e+01,3.444405746459960938e+01,8.907646942138671875e+01,5.478863143920898438e+01,9.558629608154296875e+01,3.040288352966308594e+01,9.953960418701171875e+01,5.854473876953125000e+01,1.054113082885742188e+02,2.391094970703125000e+01,1.107929992675781250e+02,5.105622100830078125e+01,1.080174713134765625e+02,4.323127746582031250e+01,1.100827865600585938e+02,5.230585861206054688e+01,1.260649108886718750e+02,4.989291000366210938e+01,1.262147979736328125e+02,5.621645736694335938e+01,1.437354278564453125e+02,5.711810302734375000e+01,1.401297149658203125e+02
4.130000000000000000e+02,3.287981414794921875e+01,8.262654113769531250e+01,3.414120101928710938e+01,8.053012084960937500e+01,3.204648971557617188e+01,8.077701568603515625e+01,3.863102722167968750e+01,8.031075286865234375e+01,0.000000000000000000e+00,0.000000000000000000e+00,4.631712341308593750e+01,8.804512023925781250e+01,3.369530868530273438e+01,9.015791320800781250e+01,5.380895996093750000e+01,9.787969207763671875e+01,2.940331077575683594e+01,9.995217895507812500e+01,5.708131408691406250e+01,1.080658874511718750e+02,2.094641494750976562e+01,1.108958587646484375e+02,4.987852859497070312e+01,1.106785888671875000e+02,4.190611648559570312e+01,1.118129272460937500e+02,5.123355484008789062e+01,1.287001953125000000e+02,5.079507446289062500e+01,1.265911865234375000e+02,5.258880996704101562e+01,1.481349182128906250e+02,5.877642822265625000e+01,1.373339080810546875e+02
4.140000000000000000e+02,3.315437698364257812e+01,8.325490570068359375e+01,3.443666458129882812e+01,8.122991943359375000e+01,0.000000000000000000e+00,0.000000000000000000e+00,3.763125228881835938e+01,8.139341735839843750e+01,0.000000000000000000e+00,0.000000000000000000e+00,4.499953842163085938e+01,8.885803985595703125e+01,3.273271942138671875e+01,9.141317749023437500e+01,5.181872558593750000e+01,9.792588043212890625e+01,2.785467910766601562e+01,1.019480514526367188e+02,5.489546585083007812e+01,1.083177032470703125e+02,2.022591400146484375e+01,1.108513336181640625e+02,4.902790451049804688e+01,1.102401885986328125e+02,4.110454940795898438e+01,1.122120056152343750e+02,5.014738845825195312e+01,1.293223419189453125e+02,4.973049926757812500e+01,1.274192504882812500e+02,5.013543701171875000e+01,1.502657165527343750e+02,6.020328903198242188e+01,1.381452331542968750e+02
4.150000000000000000e+02,3.031288719177246094e+01,8.488151550292968750e+01,3.163461303710937500e+01,8.290287780761718750e+01,2.946964645385742188e+01,8.321855163574218750e+01,3.634450149536132812e+01,8.237622833251953125e+01,0.000000000000000000e+00,0.000000000000000000e+00,4.383007049560546875e+01,9.021556091308593750e+01,3.155045318603515625e+01,9.285049438476562500e+01,5.114667510986328125e+01,1.003285598754882812e+02,2.641449737548828125e+01,1.029537887573242188e+02,5.578815841674804688e+01,1.106157226562500000e+02,1.859702491760253906e+01,1.117760925292968750e+02,4.764976882934570312e+01,1.117873916625976562e+02,3.968327713012695312e+01,1.140933074951171875e+02,4.848709106445312500e+01,1.308417663574218750e+02,4.930946731567382812e+01,1.282290039062500000e+02,4.865113449096679688e+01,1.529473724365234375e+02,6.043178939819335938e+01,1.393144226074218750e+02
4.160000000000000000e+02,3.019148254394531250e+01,8.619928741455078125e+01,3.135156059265136719e+01,8.417005157470703125e+01,2.897024917602539062e+01,8.465615081787109375e+01,3.563066482543945312e+01,8.385969543457031250e+01,0.000000000000000000e+00,0.000000000000000000e+00,4.343090057373046875e+01,9.181575012207031250e+01,3.056224060058593750e+01,9.436677551269531250e+01,5.070203018188476562e+01,1.024684906005859375e+02,2.564543914794921875e+01,1.043404541015625000e+02,5.407223892211914062e+01,1.133222961425781250e+02,1.767340660095214844e+01,1.126521377563476562e+02,4.664281082153320312e+01,1.155223846435546875e+02,3.819022750854492188e+01,1.167133331298828125e+02,4.750801849365234375e+01,1.329580841064453125e+02,4.899985504150390625e+01,1.300859527587890625e+02,4.714580154418945312e+01,1.547700805664062500e+02,5.967607879638671875e+01,1.391816558837890625e+02
4.170000000000000000e+02,2.995393371582031250e+01,8.759403991699218750e+01,3.101958465576171875e+01,8.532024383544921875e+01,2.907979393005371094e+01,8.571810913085937500e+01,3.482088851928710938e+01,8.503123474121093750e+01,0.000000000000000000e+00,0.000000000000000000e+00,4.281325912475585938e+01,9.242794036865234375e+01,2.936443901062011719e+01,9.518118286132812500e+01,4.972124099731445312e+01,1.039778747558593750e+02,2.487630271911621094e+01,1.053729934692382812e+02,5.281441879272460938e+01,1.151618957519531250e+02,1.718063735961914062e+01,1.141047973632812500e+02,4.591486740112304688e+01,1.155400848388671875e+02,3.764701080322265625e+01,1.170752105712890625e+02,4.643272018432617188e+01,1.336475372314453125e+02,4.765228652954101562e+01,1.305543670654296875e+02,4.745874023437500000e+01,1.552060394287109375e+02,5.816859817504882812e+01,1.400252075195312500e+02
4.180000000000000000e+02,2.825669860839843750e+01,8.858368682861328125e+01,2.951596450805664062e+01,8.662243652343750000e+01,2.729891967773437500e+01,8.679293823242187500e+01,3.411152267456054688e+01,8.590940093994140625e+01,0.000000000000000000e+00,0.000000000000000000e+00,4.155806732177734375e+01,9.317488861083984375e+01,2.828372192382812500e+01,9.618717193603515625e+01,4.813697814941406250e+01,1.034749298095703125e+02,2.401361846923828125e+01,1.066453933715820312e+02,5.062147140502929688e+01,1.140688552856445312e+02,1.689683723449707031e+01,1.153954467773437500e+02,4.472966384887695312e+01,1.166417388916015625e+02,3.660023880004882812e+01,1.180008468627929688e+02,4.580760955810546875e+01,1.357608489990234375e+02,4.527500915527343750e+01,1.328585815429687500e+02,4.779391479492187500e+01,1.557136077880859375e+02,5.614032363891601562e+01,1.398081207275390625e+02
4.190000000000000000e+02,2.700899887084960938e+01,8.870854187011718750e+01,2.830280113220214844e+01,8.657696533203125000e+01,2.586116790771484375e+01,8.668321228027343750e+01,3.269036102294921875e+01,8.606867218017578125e+01,0.000000000000000000e+00,0.000000000000000000e+00,4.038562774658203125e+01,9.448833465576171875e+01,2.717613220214843750e+01,9.701718902587890625e+01,4.715040206909179688e+01,1.046283035278320312e+02,2.309707641601562500e+01,1.074577331542968750e+02,4.946448516845703125e+01,1.148854522705078125e+02,1.694948577880859375e+01,1.163526763916015625e+02,4.379431533813476562e+01,1.178874816894531250e+02,3.512248992919921875e+01,1.198248291015625000e+02,4.450165939331054688e+01,1.362817535400390625e+02,4.096405410766601562e+01,1.359172210693359375e+02,4.750887680053710938e+01,1.553887939453125000e+02,5.362762832641601562e+01,1.403501586914062500e+02
4.200000000000000000e+02,2.518458366394042969e+01,8.961436462402343750e+01,2.667814254760742188e+01,8.724873352050781250e+01,2.388862800598144531e+01,8.761079406738281250e+01,3.103267288208007812e+01,8.711029052734375000e+01,0.000000000000000000e+00,0.000000000000000000e+00,3.916200637817382812e+01,9.605099487304687500e+01,2.571685218811035156e+01,9.786545562744140625e+01,4.613522338867187500e+01,1.061868438720703125e+02,2.297243881225585938e+01,1.083960647583007812e+02,4.814875793457031250e+01,1.153636169433593750e+02,1.790140914916992188e+01,1.186544189453125000e+02,4.244469833374023438e+01,1.193013992309570312e+02,3.424824905395507812e+01,1.209463195800781250e+02,4.391933441162109375e+01,1.373472290039062500e+02,3.881418609619140625e+01,1.380711975097656250e+02,4.792174911499023438e+01,1.552302093505859375e+02,5.155279159545898438e+01,1.423086090087890625e+02
4.210000000000000000e+02,2.308542251586914062e+01,9.073847961425781250e+01,2.421395492553710938e+01,8.866785430908203125e+01,2.217321777343750000e+01,8.885871887207031250e+01,2.928670692443847656e+01,8.788173675537109375e+01,0.000000000000000000e+00,0.000000000000000000e+00,3.842719650268554688e+01,9.681344604492187500e+01,2.432452392578125000e+01,9.856777954101562500e+01,4.552193832397460938e+01,1.066142425537109375e+02,2.308831024169921875e+01,1.103675079345703125e+02,4.667429351806640625e+01,1.159813308715820312e+02,1.993706130981445312e+01,1.203670806884765625e+02,4.198749160766601562e+01,1.205091705322265625e+02,3.323416900634765625e+01,1.221293487548828125e+02,4.390496444702148438e+01,1.392875671386718750e+02,3.714152908325195312e+01,1.396828765869140625e+02,4.788438034057617188e+01,1.558618927001953125e+02,4.917752075195312500e+01,1.463634948730468750e+02
4.220000000000000000e+02,2.170490646362304688e+01,9.087315368652343750e+01,2.264109039306640625e+01,8.875536346435546875e+01,2.126139068603515625e+01,8.898944854736328125e+01,2.727654266357421875e+01,8.798531341552734375e+01,0.000000000000000000e+00,0.000000000000000000e+00,3.709932327270507812e+01,9.621601104736328125e+01,2.334136009216308594e+01,9.885047912597656250e+01,4.368474578857421875e+01,1.062872924804687500e+02,2.292086791992187500e+01,1.111142349243164062e+02,4.566414260864257812e+01,1.158984375000000000e+02,2.199149513244628906e+01,1.224803695678710938e+02,4.043400192260742188e+01,1.197906112670898438e+02,3.189985656738281250e+01,1.217136840820312500e+02,4.376662063598632812e+01,1.390281829833984375e+02,3.435168075561523438e+01,1.404077911376953125e+02,4.779289627075195312e+01,1.556992797851562500e+02,4.730542373657226562e+01,1.474353637695312500e+02
4.230000000000000000e+02,1.969653320312500000e+01,9.113804626464843750e+01,2.051321220397949219e+01,8.921008300781250000e+01,0.000000000000000000e+00,0.000000000000000000e+00,2.586154937744140625e+01,8.824024963378906250e+01,0.000000000000000000e+00,0.000000000000000000e+00,3.518237686157226562e+01,9.608119201660156250e+01,2.216030120849609375e+01,9.950294494628906250e+01,4.216582107543945312e+01,1.055844573974609375e+02,2.354100036621093750e+01,1.123649673461914062e+02,4.389120864868164062e+01,1.144165115356445312e+02,2.421556282043457031e+01,1.236352462768554688e+02,3.940253829956054688e+01,1.224245529174804688e+02,3.026227951049804688e+01,1.244824752807617188e+02,4.423359298706054688e+01,1.406548461914062500e+02,3.259000396728515625e+01,1.416045684814453125e+02,4.645247268676757812e+01,1.563143157958984375e+02,4.355328750610351562e+01,1.492973937988281250e+02
4.240000000000000000e+02,1.815770721435546875e+01,9.198386383056640625e+01,1.933422470092773438e+01,8.991101074218750000e+01,0.000000000000000000e+00,0.000000000000000000e+00,2.463219261169433594e+01,8.929673767089843750e+01,0.000000000000000000e+00,0.000000000000000000e+00,3.410086441040039062e+01,9.687100219726562500e+01,2.089817047119140625e+01,1.003483734130859375e+02,4.179986953735351562e+01,1.052742156982421875e+02,0.000000000000000000e+00,0.000000000000000000e+00,4.234251785278320312e+01,1.133905639648437500e+02,0.000000000000000000e+00,0.000000000000000000e+00,3.760551071166992188e+01,1.210758666992187500e+02,2.859816169738769531e+01,1.234640655517578125e+02,4.309386062622070312e+01,1.391058502197265625e+02,3.005930709838867188e+01,1.421436157226562500e+02,4.802500534057617188e+01,1.546202239990234375e+02,4.113780593872070312e+01,1.546191406250000000e+02
4.250000000000000000e+02,1.722933769226074219e+01,9.335324096679687500e+01,1.849715423583984375e+01,9.111820983886718750e+01,1.657384681701660156e+01,9.138851165771484375e+01,2.367518424987792969e+01,9.034907531738281250e+01,0.000000000000000000e+00,0.000000000000000000e+00,3.250133895874023438e+01,9.736735534667968750e+01,1.955945205688476562e+01,1.018276367187500000e+02,3.941596603393554688e+01,1.064324035644531250e+02,0.000000000000000000e+00,0.000000000000000000e+00,0.000000000000000000e+00,0.000000000000000000e+00,0.000000000000000000e+00,0.000000000000000000e+00,3.694775390625000000e+01,1.228405075073242188e+02,2.781469345092773438e+01,1.247451324462890625e+02,4.287707901000976562e+01,1.399250030517578125e+02,2.861760330200195312e+01,1.433458404541015625e+02,4.753355026245117188e+01,1.552282562255859375e+02,3.719636917114257812e+01,1.580123596191406250e+02
4.260000000000000000e+02,1.631229782104492188e+01,9.516828918457031250e+01,1.743123435974121094e+01,9.280667114257812500e+01,1.531794452667236328e+01,9.317721557617187500e+01,2.253212356567382812e+01,9.190961456298828125e+01,0.000000000000000000e+00,0.000000000000000000e+00,3.074836540222167969e+01,9.865046691894531250e+01,1.833945846557617188e+01,1.029553680419921875e+02,3.758621215820312500e+01,1.080996856689453125e+02,0.000000000000000000e+00,0.000000000000000000e+00,0.000000000000000000e+00,0.000000000000000000e+00,0.000000000000000000e+00,0.000000000000000000e+00,3.633033370971679688e+01,1.240661087036132812e+02,2.697754096984863281e+01,1.262118072509765625e+02,4.271616744995117188e+01,1.409105529785156250e+02,2.778922271728515625e+01,1.452668151855468750e+02,4.761059951782226562e+01,1.548110198974609375e+02,3.385534286499023438e+01,1.622458953857421875e+02
4.270000000000000000e+02,1.501129055023193359e+01,9.746221160888671875e+01,1.639875030517578125e+01,9.501158142089843750e+01,1.412072658538818359e+01,9.568272399902343750e+01,2.149508285522460938e+01,9.345621490478515625e+01,0.000000000000000000e+00,0.000000000000000000e+00,2.955211639404296875e+01,1.004278259277343750e+02,1.745909118652343750e+01,1.041312561035156250e+02,3.764259719848632812e+01,1.088186721801757812e+02,0.000000000000000000e+00,0.000000000000000000e+00,3.930804061889648438e+01,1.174073486328125000e+02,0.000000000000000000e+00,0.000000000000000000e+00,3.497639465332031250e+01,1.246339721679687500e+02,2.586755371093750000e+01,1.269032897949218750e+02,4.268231964111328125e+01,1.407518157958984375e+02,2.744144439697265625e+01,1.461956787109375000e+02,4.775592422485351562e+01,1.556707916259765625e+02,3.042995071411132812e+01,1.647779693603515625e+02
4.280000000000000000e+02,1.353520488739013672e+01,9.894357299804687500e+01,1.424376678466796875e+01,9.623326873779296875e+01,1.213539981842041016e+01,9.688522338867187500e+01,1.930570602416992188e+01,9.467838287353515625e+01,0.000000000000000000e+00,0.000000000000000000e+00,2.809127426147460938e+01,1.020432739257812500e+02,1.578530216217041016e+01,1.054402084350585938e+02,3.616262817382812500e+01,1.115096130371093750e+02,0.000000000000000000e+00,0.000000000000000000e+00,3.834724807739257812e+01,1.194270858764648438e+02,0.000000000000000000e+00,0.000000000000000000e+00,3.387611389160156250e+01,1.263452758789062500e+02,2.454263114929199219e+01,1.284721984863281250e+02,4.124004745483398438e+01,1.417763671875000000e+02,2.682517623901367188e+01,1.471610412597656250e+02,4.736646652221679688e+01,1.550773773193359375e+02,2.839726829528808594e+01,1.664628448486328125e+02
4.290000000000000000e+02,1.280619716644287109e+01,1.006228485107421875e+02,1.400224494934082031e+01,9.820911407470703125e+01,1.151518726348876953e+01,9.888570404052734375e+01,1.843478775024414062e+01,9.653104400634765625e+01,0.000000000000000000e+00,0.000000000000000000e+00,2.633949279785156250e+01,1.036267929077148438e+02,1.468701553344726562e+01,1.071108932495117188e+02,3.465537643432617188e+01,1.122734069824218750e+02,0.000000000000000000e+00,0.000000000000000000e+00,3.708953857421875000e+01,1.211055908203125000e+02,0.000000000000000000e+00,0.000000000000000000e+00,3.220344924926757812e+01,1.276029968261718750e+02,2.333760833740234375e+01,1.301035614013671875e+02,3.975900268554687500e+01,1.417410736083984375e+02,2.550401687622070312e+01,1.486760711669921875e+02,4.730527114868164062e+01,1.546647033691406250e+02,2.741351509094238281e+01,1.672359771728515625e+02
4.300000000000000000e+02,9.673898696899414062e+00,1.010499725341796875e+02,1.115199756622314453e+01,9.862339019775390625e+01,8.449240684509277344e+00,9.936383056640625000e+01,1.616420364379882812e+01,9.787957763671875000e+01,0.000000000000000000e+00,0.000000000000000000e+00,2.390367889404296875e+01,1.046478729248046875e+02,1.237213420867919922e+01,1.086298904418945312e+02,3.230137252807617188e+01,1.125578536987304688e+02,0.000000000000000000e+00,0.000000000000000000e+00,3.622211456298828125e+01,1.197552642822265625e+02,0.000000000000000000e+00,0.000000000000000000e+00,2.972586441040039062e+01,1.288132476806640625e+02,2.122591781616210938e+01,1.318476409912109375e+02,3.814488601684570312e+01,1.436763000488281250e+02,2.379517173767089844e+01,1.513613891601562500e+02,4.639562988281250000e+01,1.557744293212890625e+02,2.686414718627929688e+01,1.703828887939453125e+02
4.310000000000000000e+02,8.401982307434082031e+00,1.021430206298828125e+02,9.781605720520019531e+00,1.000800933837890625e+02,7.132078170776367188e+00,1.001697082519531250e+02,1.402219963073730469e+01,9.890799713134765625e+01,0.000000000000000000e+00,0.000000000000000000e+00,2.231545066833496094e+01,1.057206039428710938e+02,1.075277423858642578e+01,1.101568908691406250e+02,3.080932426452636719e+01,1.146115188598632812e+02,0.000000000000000000e+00,0.000000000000000000e+00,3.435407257080078125e+01,1.243794631958007812e+02,0.000000000000000000e+00,0.000000000000000000e+00,2.837495803833007812e+01,1.305883483886718750e+02,1.978681945800781250e+01,1.334210052490234375e+02,3.606303405761718750e+01,1.453929443359375000e+02,2.245250129699707031e+01,1.533995971679687500e+02,4.523450469970703125e+01,1.558942871093750000e+02,2.613913345336914062e+01,1.717290802001953125e+02
4.320000000000000000e+02,7.282313346862792969e+00,1.029648590087890625e+02,8.186117172241210938e+00,1.007247314453125000e+02,5.943737030029296875e+00,1.011865768432617188e+02,1.236721611022949219e+01,9.966725158691406250e+01,0.000000000000000000e+00,0.000000000000000000e+00,2.135875320434570312e+01,1.071806335449218750e+02,9.944856643676757812e+00,1.117712554931640625e+02,3.016642570495605469e+01,1.166079864501953125e+02,0.000000000000000000e+00,0.000000000000000000e+00,3.347202301025390625e+01,1.253744735717773438e+02,0.000000000000000000e+00,0.000000000000000000e+00,2.664190864562988281e+01,1.329257049560546875e+02,1.828245544433593750e+01,1.359138031005859375e+02,3.391189575195312500e+01,1.472064666748046875e+02,2.111705970764160156e+01,1.549597930908203125e+02,4.403536605834960938e+01,1.563069610595703125e+02,2.602584075927734375e+01,1.720773620605468750e+02
4.330000000000000000e+02,2.902516126632690430e+00,1.052553787231445312e+02,3.452689409255981445e+00,1.028027038574218750e+02,0.000000000000000000e+00,0.000000000000000000e+00,8.386124610900878906e+00,1.014117431640625000e+02,0.000000000000000000e+00,0.000000000000000000e+00,1.895847320556640625e+01,1.093699951171875000e+02,6.073831081390380859e+00,1.130669403076171875e+02,2.744643020629882812e+01,1.187300720214843750e+02,7.493883132934570312e+00,1.263289337158203125e+02,3.140977096557617188e+01,1.296114196777343750e+02,7.493124961853027344e+00,1.383616943359375000e+02,2.426519775390625000e+01,1.362451782226562500e+02,1.491146850585937500e+01,1.381552581787109375e+02,2.957294273376464844e+01,1.535277709960937500e+02,1.844216918945312500e+01,1.561997528076171875e+02,4.090448379516601562e+01,1.568900604248046875e+02,2.534450340270996094e+01,1.726235504150390625e+02
4.340000000000000000e+02,2.374048471450805664e+00,1.051029052734375000e+02,3.112207889556884766e+00,1.028563766479492188e+02,1.581410408020019531e+00,1.036706085205078125e+02,7.834725379943847656e+00,1.012174072265625000e+02,0.000000000000000000e+00,0.000000000000000000e+00,1.691611480712890625e+01,1.088150787353515625e+02,4.133153915405273438e+00,1.137133331298828125e+02,2.468119621276855469e+01,1.179288024902343750e+02,2.783460378646850586e+00,1.259012298583984375e+02,2.936875915527343750e+01,1.300161285400390625e+02,8.541235327720642090e-01,1.374780426025390625e+02,2.272306060791015625e+01,1.358784942626953125e+02,1.366067218780517578e+01,1.381082153320312500e+02,2.699975013732910156e+01,1.537968292236328125e+02,1.792300033569335938e+01,1.559782867431640625e+02,3.790071487426757812e+01,1.590453643798828125e+02,2.498789024353027344e+01,1.725726776123046875e+02
4.350000000000000000e+02,1.915130853652954102e+00,1.050789108276367188e+02,2.669579505920410156e+00,1.030378646850585938e+02,9.234778285026550293e-01,1.034739227294921875e+02,7.436659812927246094e+00,1.019816970825195312e+02,0.000000000000000000e+00,0.000000000000000000e+00,1.642841529846191406e+01,1.092834472656250000e+02,2.810008764266967773e+00,1.146144256591796875e+02,2.500201034545898438e+01,1.191623687744140625e+02,7.656580209732055664e-02,1.247708282470703125e+02,2.898947334289550781e+01,1.320236053466796875e+02,0.000000000000000000e+00,0.000000000000000000e+00,2.137751197814941406e+01,1.359049835205078125e+02,1.236361217498779297e+01,1.381237487792968750e+02,2.459443283081054688e+01,1.540617523193359375e+02,1.745670318603515625e+01,1.560862731933593750e+02,3.565239715576171875e+01,1.622657165527343750e+02,2.539126205444335938e+01,1.727605743408203125e+02
4.360000000000000000e+02,6.605172157287597656e-01,1.061428833007812500e+02,1.364908933639526367e+00,1.038521423339843750e+02,0.000000000000000000e+00,0.000000000000000000e+00,5.858219146728515625e+00,1.026123580932617188e+02,0.000000000000000000e+00,0.000000000000000000e+00,1.552530765533447266e+01,1.097858886718750000e+02,1.448166847229003906e+00,1.147956314086914062e+02,2.453535842895507812e+01,1.193429794311523438e+02,0.000000000000000000e+00,0.000000000000000000e+00,2.822109794616699219e+01,1.326100921630859375e+02,0.000000000000000000e+00,0.000000000000000000e+00,2.034050369262695312e+01,1.355793457031250000e+02,1.168898677825927734e+01,1.378347625732421875e+02,2.256095314025878906e+01,1.552699432373046875e+02,1.682563591003417969e+01,1.565432128906250000e+02,3.220023345947265625e+01,1.662262725830078125e+02,2.619073104858398438e+01,1.712447357177734375e+02
4.370000000000000000e+02,0.000000000000000000e+00,0.000000000000000000e+00,2.102767229080200195e-01,1.047833938598632812e+02,0.000000000000000000e+00,0.000000000000000000e+00,4.709797859191894531e+00,1.033621520996093750e+02,0.000000000000000000e+00,0.000000000000000000e+00,1.427868747711181641e+01,1.110830154418945312e+02,1.524485588073730469e+00,1.164218597412109375e+02,2.313616180419921875e+01,1.179798965454101562e+02,0.000000000000000000e+00,0.000000000000000000e+00,2.814506340026855469e+01,1.220493850708007812e+02,0.000000000000000000e+00,0.000000000000000000e+00,1.907228279113769531e+01,1.371595306396484375e+02,1.082770919799804688e+01,1.392730865478515625e+02,2.107343864440917969e+01,1.564478759765625000e+02,1.676896667480468750e+01,1.568477935791015625e+02,2.851812171936035156e+01,1.716013183593750000e+02,2.642617416381835938e+01,1.707780914306640625e+02
4.380000000000000000e+02,0.000000000000000000e+00,0.000000000000000000e+00,0.000000000000000000e+00,0.000000000000000000e+00,0.000000000000000000e+00,0.000000000000000000e+00,2.262852907180786133e+00,1.038645553588867188e+02,0.000000000000000000e+00,0.000000000000000000e+00,1.289757633209228516e+01,1.111420440673828125e+02,9.470464587211608887e-01,1.182966156005859375e+02,2.180329322814941406e+01,1.193070068359375000e+02,0.000000000000000000e+00,0.000000000000000000e+00,2.511452674865722656e+01,1.317949066162109375e+02,0.000000000000000000e+00,0.000000000000000000e+00,1.801503753662109375e+01,1.366602020263671875e+02,9.491324424743652344e+00,1.400249023437500000e+02,2.056628990173339844e+01,1.587571105957031250e+02,1.629006385803222656e+01,1.587427215576171875e+02,2.648777961730957031e+01,1.757826843261718750e+02,2.564515876770019531e+01,1.715286407470703125e+02
4.390000000000000000e+02,0.000000000000000000e+00,0.000000000000000000e+00,0.000000000000000000e+00,0.000000000000000000e+00,0.000000000000000000e+00,0.000000000000000000e+00,2.526459932327270508e+00,1.048093338012695312e+02,0.000000000000000000e+00,0.000000000000000000e+00,1.207555675506591797e+01,1.123426589965820312e+02,1.171301126480102539e+00,1.197262115478515625e+02,2.077988243103027344e+01,1.219103851318359375e+02,0.000000000000000000e+00,0.000000000000000000e+00,2.531137275695800781e+01,1.324245452880859375e+02,0.000000000000000000e+00,0.000000000000000000e+00,1.773588371276855469e+01,1.381863861083984375e+02,9.058880805969238281e+00,1.409282226562500000e+02,1.992927169799804688e+01,1.588276062011718750e+02,1.696286201477050781e+01,1.588423767089843750e+02,2.390458869934082031e+01,1.800034027099609375e+02,2.533592605590820312e+01,1.710073089599609375e+02
4.400000000000000000e+02,0.000000000000000000e+00,0.000000000000000000e+00,0.000000000000000000e+00,0.000000000000000000e+00,0.000000000000000000e+00,0.000000000000000000e+00,2.272423267364501953e+00,1.068353271484375000e+02,0.000000000000000000e+00,0.000000000000000000e+00,1.079567146301269531e+01,1.138098373413085938e+02,0.000000000000000000e+00,0.000000000000000000e+00,1.970360946655273438e+01,1.227162933349609375e+02,0.000000000000000000e+00,0.000000000000000000e+00,2.392058181762695312e+01,1.324512481689453125e+02,0.000000000000000000e+00,0.000000000000000000e+00,1.660033416748046875e+01,1.385973968505859375e+02,7.693933486938476562e+00,1.413157196044921875e+02,1.891753005981445312e+01,1.599003143310546875e+02,1.700697326660156250e+01,1.591309967041015625e+02,2.086119461059570312e+01,1.827587127685546875e+02,2.433471679687500000e+01,1.726561279296875000e+02
4.410000000000000000e+02,0.000000000000000000e+00,0.000000000000000000e+00,0.000000000000000000e+00,0.000000000000000000e+00,0.000000000000000000e+00,0.000000000000000000e+00,1.873494625091552734e+00,1.080694503784179688e+02,0.000000000000000000e+00,0.000000000000000000e+00,9.782526969909667969e+00,1.147155532836914062e+02,0.000000000000000000e+00,0.000000000000000000e+00,1.913589668273925781e+01,1.241110382080078125e+02,0.000000000000000000e+00,0.000000000000000000e+00,2.281282424926757812e+01,1.344828033447265625e+02,0.000000000000000000e+00,0.000000000000000000e+00,1.599846744537353516e+01,1.396251678466796875e+02,6.367702007293701172e+00,1.415292663574218750e+02,1.827284049987792969e+01,1.594015502929687500e+02,1.590930652618408203e+01,1.574196929931640625e+02,1.854382324218750000e+01,1.832292480468750000e+02,2.469450187683105469e+01,1.714991760253906250e+02
4.420000000000000000e+02,0.000000000000000000e+00,0.000000000000000000e+00,0.000000000000000000e+00,0.000000000000000000e+00,0.000000000000000000e+00,0.000000000000000000e+00,2.088940143585205078e+00,1.103494567871093750e+02,0.000000000000000000e+00,0.000000000000000000e+00,8.601836204528808594e+00,1.180172805786132812e+02,0.000000000000000000e+00,0.000000000000000000e+00,1.820904922485351562e+01,1.268336563110351562e+02,0.000000000000000000e+00,0.000000000000000000e+00,2.141687583923339844e+01,1.356420745849609375e+02,0.000000000000000000e+00,0.000000000000000000e+00,1.555671215057373047e+01,1.414198608398437500e+02,5.341153144836425781e+00,1.439216613769531250e+02,1.723008728027343750e+01,1.618203887939453125e+02,1.674791336059570312e+01,1.577848052978515625e+02,1.678305816650390625e+01,1.856613922119140625e+02,2.579640007019042969e+01,1.713201751708984375e+02
4.430000000000000000e+02,0.000000000000000000e+00,0.000000000000000000e+00,0.000000000000000000e+00,0.000000000000000000e+00,0.000000000000000000e+00,0.000000000000000000e+00,2.767153501510620117e+00,1.117776336669921875e+02,0.000000000000000000e+00,0.000000000000000000e+00,9.997475624084472656e+00,1.187434844970703125e+02,0.000000000000000000e+00,0.000000000000000000e+00,0.000000000000000000e+00,0.000000000000000000e+00,0.000000000000000000e+00,0.000000000000000000e+00,2.860880279541015625e+01,1.223757934570312500e+02,0.000000000000000000e+00,0.000000000000000000e+00,1.433129596710205078e+01,1.427772979736328125e+02,3.995867967605590820e+00,1.444719696044921875e+02,1.507171344757080078e+01,1.633593292236328125e+02,1.462126350402832031e+01,1.596974029541015625e+02,1.541125202178955078e+01,1.879109649658203125e+02,2.471146774291992188e+01,1.713577117919921875e+02
4.440000000000000000e+02,0.000000000000000000e+00,0.000000000000000000e+00,3.084760308265686035e-01,1.135422058105468750e+02,0.000000000000000000e+00,0.000000000000000000e+00,2.873624563217163086e+00,1.134812622070312500e+02,0.000000000000000000e+00,0.000000000000000000e+00,8.442822456359863281e+00,1.201293106079101562e+02,0.000000000000000000e+00,0.000000000000000000e+00,1.641665458679199219e+01,1.302742004394531250e+02,0.000000000000000000e+00,0.000000000000000000e+00,1.990028381347656250e+01,1.405546569824218750e+02,0.000000000000000000e+00,0.000000000000000000e+00,1.153855991363525391e+01,1.431631011962890625e+02,2.963634967803955078e+00,1.457671051025390625e+02,1.409137344360351562e+01,1.635693664550781250e+02,1.311215591430664062e+01,1.615400543212890625e+02,1.533374118804931641e+01,1.889082641601562500e+02,2.421761131286621094e+01,1.724269104003906250e+02
4.450000000000000000e+02,0.000000000000000000e+00,0.000000000000000000e+00,0.000000000000000000e+00,0.000000000000000000e+00,0.000000000000000000e+00,0.000000000000000000e+00,2.848841905593872070e+00,1.139113311767578125e+02,0.000000000000000000e+00,0.000000000000000000e+00,7.757113456726074219e+00,1.220917816162109375e+02,0.000000000000000000e+00,0.000000000000000000e+00,1.593756771087646484e+01,1.310902862548828125e+02,0.000000000000000000e+00,0.000000000000000000e+00,2.084584426879882812e+01,1.343624572753906250e+02,0.000000000000000000e+00,0.000000000000000000e+00,1.102929592132568359e+01,1.474511871337890625e+02,0.000000000000000000e+00,0.000000000000000000e+00,1.430147838592529297e+01,1.662662200927734375e+02,0.000000000000000000e+00,0.000000000000000000e+00,1.593756771087646484e+01,1.899895477294921875e+02,2.329998016357421875e+01,1.728105926513671875e+02
4.460000000000000000e+02,0.000000000000000000e+00,0.000000000000000000e+00,0.000000000000000000e+00,0.000000000000000000e+00,0.000000000000000000e+00,0.000000000000000000e+00,0.000000000000000000e+00,0.000000000000000000e+00,0.000000000000000000e+00,0.000000000000000000e+00,0.000000000000000000e+00,0.000000000000000000e+00,0.000000000000000000e+00,0.000000000000000000e+00,0.000000000000000000e+00,0.000000000000000000e+00,0.000000000000000000e+00,0.000000000000000000e+00,0.000000000000000000e+00,0.000000000000000000e+00,0.000000000000000000e+00,0.000000000000000000e+00,0.000000000000000000e+00,0.000000000000000000e+00,0.000000000000000000e+00,0.000000000000000000e+00,0.000000000000000000e+00,0.000000000000000000e+00,0.000000000000000000e+00,0.000000000000000000e+00,0.000000000000000000e+00,0.000000000000000000e+00,0.000000000000000000e+00,0.000000000000000000e+00
4.470000000000000000e+02,0.000000000000000000e+00,0.000000000000000000e+00,0.000000000000000000e+00,0.000000000000000000e+00,0.000000000000000000e+00,0.000000000000000000e+00,0.000000000000000000e+00,0.000000000000000000e+00,0.000000000000000000e+00,0.000000000000000000e+00,0.000000000000000000e+00,0.000000000000000000e+00,0.000000000000000000e+00,0.000000000000000000e+00,0.000000000000000000e+00,0.000000000000000000e+00,0.000000000000000000e+00,0.000000000000000000e+00,0.000000000000000000e+00,0.000000000000000000e+00,0.000000000000000000e+00,0.000000000000000000e+00,0.000000000000000000e+00,0.000000000000000000e+00,0.000000000000000000e+00,0.000000000000000000e+00,0.000000000000000000e+00,0.000000000000000000e+00,0.000000000000000000e+00,0.000000000000000000e+00,0.000000000000000000e+00,0.000000000000000000e+00,0.000000000000000000e+00,0.000000000000000000e+00
4.480000000000000000e+02,0.000000000000000000e+00,0.000000000000000000e+00,0.000000000000000000e+00,0.000000000000000000e+00,0.000000000000000000e+00,0.000000000000000000e+00,0.000000000000000000e+00,0.000000000000000000e+00,0.000000000000000000e+00,0.000000000000000000e+00,0.000000000000000000e+00,0.000000000000000000e+00,0.000000000000000000e+00,0.000000000000000000e+00,0.000000000000000000e+00,0.000000000000000000e+00,0.000000000000000000e+00,0.000000000000000000e+00,0.000000000000000000e+00,0.000000000000000000e+00,0.000000000000000000e+00,0.000000000000000000e+00,0.000000000000000000e+00,0.000000000000000000e+00,0.000000000000000000e+00,0.000000000000000000e+00,0.000000000000000000e+00,0.000000000000000000e+00,0.000000000000000000e+00,0.000000000000000000e+00,0.000000000000000000e+00,0.000000000000000000e+00,0.000000000000000000e+00,0.000000000000000000e+00
4.490000000000000000e+02,0.000000000000000000e+00,0.000000000000000000e+00,0.000000000000000000e+00,0.000000000000000000e+00,0.000000000000000000e+00,0.000000000000000000e+00,0.000000000000000000e+00,0.000000000000000000e+00,0.000000000000000000e+00,0.000000000000000000e+00,0.000000000000000000e+00,0.000000000000000000e+00,0.000000000000000000e+00,0.000000000000000000e+00,1.685106658935546875e+01,1.164606628417968750e+02,0.000000000000000000e+00,0.000000000000000000e+00,1.853005981445312500e+01,1.317862854003906250e+02,0.000000000000000000e+00,0.000000000000000000e+00,8.867303848266601562e+00,1.431312255859375000e+02,0.000000000000000000e+00,0.000000000000000000e+00,1.212168312072753906e+01,1.687784271240234375e+02,1.774253845214843750e+00,1.720623931884765625e+02,1.507230091094970703e+01,1.911385650634765625e+02,1.241884803771972656e+01,1.774924011230468750e+02
4.500000000000000000e+02,0.000000000000000000e+00,0.000000000000000000e+00,0.000000000000000000e+00,0.000000000000000000e+00,0.000000000000000000e+00,0.000000000000000000e+00,0.000000000000000000e+00,0.000000000000000000e+00,0.000000000000000000e+00,0.000000000000000000e+00,4.403764247894287109e+00,1.229068908691406250e+02,0.000000000000000000e+00,0.000000000000000000e+00,1.569757175445556641e+01,1.172258071899414062e+02,0.000000000000000000e+00,0.000000000000000000e+00,1.935979080200195312e+01,1.320186767578125000e+02,0.000000000000000000e+00,0.000000000000000000e+00,6.982321739196777344e+00,1.474232635498046875e+02,7.986869812011718750e+00,1.509390258789062500e+02,1.009892368316650391e+01,1.696917877197265625e+02,6.237626671791076660e-01,1.728511810302734375e+02,1.297710800170898438e+01,1.896084747314453125e+02,1.103127861022949219e+01,1.828744354248046875e+02
4.510000000000000000e+02,0.000000000000000000e+00,0.000000000000000000e+00,0.000000000000000000e+00,0.000000000000000000e+00,0.000000000000000000e+00,0.000000000000000000e+00,0.000000000000000000e+00,0.000000000000000000e+00,0.000000000000000000e+00,0.000000000000000000e+00,4.804544448852539062e+00,1.260963745117187500e+02,9.857033729553222656e+00,1.267377929687500000e+02,0.000000000000000000e+00,0.000000000000000000e+00,1.426262569427490234e+01,1.401797790527343750e+02,0.000000000000000000e+00,0.000000000000000000e+00,1.502949333190917969e+01,1.505595855712890625e+02,0.000000000000000000e+00,0.000000000000000000e+00,9.883767127990722656e+00,1.534801788330078125e+02,5.519994497299194336e-01,1.750448760986328125e+02,1.374242973327636719e+01,1.740488739013671875e+02,1.174064350128173828e+01,1.884891204833984375e+02,1.574589633941650391e+01,1.921430969238281250e+02
4.520000000000000000e+02,0.000000000000000000e+00,0.000000000000000000e+00,0.000000000000000000e+00,0.000000000000000000e+00,0.000000000000000000e+00,0.000000000000000000e+00,0.000000000000000000e+00,0.000000000000000000e+00,0.000000000000000000e+00,0.000000000000000000e+00,5.140473365783691406e+00,1.259986495971679688e+02,6.985286712646484375e+00,1.282515716552734375e+02,1.265840625762939453e+01,1.388745269775390625e+02,1.329613685607910156e+01,1.400104827880859375e+02,1.564871692657470703e+01,1.516936187744140625e+02,1.582185077667236328e+01,1.517940368652343750e+02,8.119679450988769531e+00,1.533307342529296875e+02,0.000000000000000000e+00,0.000000000000000000e+00,1.266964530944824219e+01,1.716720428466796875e+02,2.542197704315185547e-02,1.782265472412109375e+02,1.511296749114990234e+01,1.897676391601562500e+02,7.272809028625488281e+00,1.912216339111328125e+02
4.530000000000000000e+02,0.000000000000000000e+00,0.000000000000000000e+00,0.000000000000000000e+00,0.000000000000000000e+00,0.000000000000000000e+00,0.000000000000000000e+00,0.000000000000000000e+00,0.000000000000000000e+00,0.000000000000000000e+00,0.000000000000000000e+00,0.000000000000000000e+00,0.000000000000000000e+00,0.000000000000000000e+00,0.000000000000000000e+00,0.000000000000000000e+00,0.000000000000000000e+00,0.000000000000000000e+00,0.000000000000000000e+00,0.000000000000000000e+00,0.000000000000000000e+00,0.000000000000000000e+00,0.000000000000000000e+00,0.000000000000000000e+00,0.000000000000000000e+00,0.000000000000000000e+00,0.000000000000000000e+00,0.000000000000000000e+00,0.000000000000000000e+00,0.000000000000000000e+00,0.000000000000000000e+00,0.000000000000000000e+00,0.000000000000000000e+00,0.000000000000000000e+00,0.000000000000000000e+00
4.540000000000000000e+02,0.000000000000000000e+00,0.000000000000000000e+00,0.000000000000000000e+00,0.000000000000000000e+00,0.000000000000000000e+00,0.000000000000000000e+00,0.000000000000000000e+00,0.000000000000000000e+00,0.000000000000000000e+00,0.000000000000000000e+00,0.000000000000000000e+00,0.000000000000000000e+00,7.294911384582519531e+00,1.320849151611328125e+02,0.000000000000000000e+00,0.000000000000000000e+00,1.214947795867919922e+01,1.420069274902343750e+02,0.000000000000000000e+00,0.000000000000000000e+00,1.520052623748779297e+01,1.521197662353515625e+02,0.000000000000000000e+00,0.000000000000000000e+00,6.745639324188232422e+00,1.548427581787109375e+02,1.219801306724548340e-01,1.770095062255859375e+02,1.196522235870361328e+01,1.724457855224609375e+02,2.501917123794555664e+00,1.980994110107421875e+02,1.548218536376953125e+01,1.905070343017578125e+02
4.550000000000000000e+02,0.000000000000000000e+00,0.000000000000000000e+00,0.000000000000000000e+00,0.000000000000000000e+00,0.000000000000000000e+00,0.000000000000000000e+00,0.000000000000000000e+00,0.000000000000000000e+00,0.000000000000000000e+00,0.000000000000000000e+00,0.000000000000000000e+00,0.000000000000000000e+00,0.000000000000000000e+00,0.000000000000000000e+00,0.000000000000000000e+00,0.000000000000000000e+00,0.000000000000000000e+00,0.000000000000000000e+00,0.000000000000000000e+00,0.000000000000000000e+00,0.000000000000000000e+00,0.000000000000000000e+00,0.000000000000000000e+00,0.000000000000000000e+00,0.000000000000000000e+00,0.000000000000000000e+00,0.000000000000000000e+00,0.000000000000000000e+00,0.000000000000000000e+00,0.000000000000000000e+00,0.000000000000000000e+00,0.000000000000000000e+00,0.000000000000000000e+00,0.000000000000000000e+00
4.560000000000000000e+02,0.000000000000000000e+00,0.000000000000000000e+00,0.000000000000000000e+00,0.000000000000000000e+00,0.000000000000000000e+00,0.000000000000000000e+00,0.000000000000000000e+00,0.000000000000000000e+00,0.000000000000000000e+00,0.000000000000000000e+00,0.000000000000000000e+00,0.000000000000000000e+00,0.000000000000000000e+00,0.000000000000000000e+00,0.000000000000000000e+00,0.000000000000000000e+00,0.000000000000000000e+00,0.000000000000000000e+00,0.000000000000000000e+00,0.000000000000000000e+00,0.000000000000000000e+00,0.000000000000000000e+00,0.000000000000000000e+00,0.000000000000000000e+00,0.000000000000000000e+00,0.000000000000000000e+00,0.000000000000000000e+00,0.000000000000000000e+00,0.000000000000000000e+00,0.000000000000000000e+00,0.000000000000000000e+00,0.000000000000000000e+00,0.000000000000000000e+00,0.000000000000000000e+00
4.570000000000000000e+02,0.000000000000000000e+00,0.000000000000000000e+00,0.000000000000000000e+00,0.000000000000000000e+00,0.000000000000000000e+00,0.000000000000000000e+00,0.000000000000000000e+00,0.000000000000000000e+00,0.000000000000000000e+00,0.000000000000000000e+00,0.000000000000000000e+00,0.000000000000000000e+00,0.000000000000000000e+00,0.000000000000000000e+00,0.000000000000000000e+00,0.000000000000000000e+00,0.000000000000000000e+00,0.000000000000000000e+00,0.000000000000000000e+00,0.000000000000000000e+00,0.000000000000000000e+00,0.000000000000000000e+00,0.000000000000000000e+00,0.000000000000000000e+00,0.000000000000000000e+00,0.000000000000000000e+00,0.000000000000000000e+00,0.000000000000000000e+00,0.000000000000000000e+00,0.000000000000000000e+00,0.000000000000000000e+00,0.000000000000000000e+00,0.000000000000000000e+00,0.000000000000000000e+00
4.580000000000000000e+02,0.000000000000000000e+00,0.000000000000000000e+00,0.000000000000000000e+00,0.000000000000000000e+00,0.000000000000000000e+00,0.000000000000000000e+00,0.000000000000000000e+00,0.000000000000000000e+00,0.000000000000000000e+00,0.000000000000000000e+00,0.000000000000000000e+00,0.000000000000000000e+00,0.000000000000000000e+00,0.000000000000000000e+00,0.000000000000000000e+00,0.000000000000000000e+00,0.000000000000000000e+00,0.000000000000000000e+00,0.000000000000000000e+00,0.000000000000000000e+00,0.000000000000000000e+00,0.000000000000000000e+00,0.000000000000000000e+00,0.000000000000000000e+00,0.000000000000000000e+00,0.000000000000000000e+00,0.000000000000000000e+00,0.000000000000000000e+00,0.000000000000000000e+00,0.000000000000000000e+00,0.000000000000000000e+00,0.000000000000000000e+00,0.000000000000000000e+00,0.000000000000000000e+00
4.590000000000000000e+02,0.000000000000000000e+00,0.000000000000000000e+00,0.000000000000000000e+00,0.000000000000000000e+00,0.000000000000000000e+00,0.000000000000000000e+00,0.000000000000000000e+00,0.000000000000000000e+00,0.000000000000000000e+00,0.000000000000000000e+00,5.132214069366455078e+00,1.069220504760742188e+02,0.000000000000000000e+00,0.000000000000000000e+00,9.250903129577636719e+00,1.214662017822265625e+02,8.897439002990722656e+00,1.215131988525390625e+02,1.719829940795898438e+01,1.328447570800781250e+02,1.721001052856445312e+01,1.329926605224609375e+02,0.000000000000000000e+00,0.000000000000000000e+00,0.000000000000000000e+00,0.000000000000000000e+00,3.932851552963256836e+00,1.706721038818359375e+02,0.000000000000000000e+00,0.000000000000000000e+00,1.246728038787841797e+01,1.891897430419921875e+02,2.389227628707885742e+00,2.072414550781250000e+02
4.600000000000000000e+02,0.000000000000000000e+00,0.000000000000000000e+00,0.000000000000000000e+00,0.000000000000000000e+00,0.000000000000000000e+00,0.000000000000000000e+00,0.000000000000000000e+00,0.000000000000000000e+00,0.000000000000000000e+00,0.000000000000000000e+00,4.468153953552246094e+00,1.096741027832031250e+02,0.000000000000000000e+00,0.000000000000000000e+00,7.873956680297851562e+00,1.240448608398437500e+02,7.777118682861328125e+00,1.245708618164062500e+02,1.633790397644042969e+01,1.328242034912109375e+02,1.668565940856933594e+01,1.329967041015625000e+02,0.000000000000000000e+00,0.000000000000000000e+00,0.000000000000000000e+00,0.000000000000000000e+00,3.903460741043090820e+00,1.731812133789062500e+02,0.000000000000000000e+00,0.000000000000000000e+00,1.207332229614257812e+01,1.904621276855468750e+02,1.828011989593505859e+00,2.078892059326171875e+02
