4.350000000000000000e+02,5.176182250976562500e+02,1.222370147705078125e+02,5.192214965820312500e+02,1.195197906494140625e+02,5.155906982421875000e+02,1.203884277343750000e+02,0.000000000000000000e+00,0.000000000000000000e+00,5.133041381835937500e+02,1.228542098999023438e+02,0.000000000000000000e+00,0.000000000000000000e+00,5.123626708984375000e+02,1.353913116455078125e+02,0.000000000000000000e+00,0.000000000000000000e+00,5.024397583007812500e+02,1.457650451660156250e+02,0.000000000000000000e+00,0.000000000000000000e+00,5.142167968750000000e+02,1.397445068359375000e+02,0.000000000000000000e+00,0.000000000000000000e+00,5.153729248046875000e+02,1.704893035888671875e+02,0.000000000000000000e+00,0.000000000000000000e+00,5.151472167968750000e+02,1.949687194824218750e+02,0.000000000000000000e+00,0.000000000000000000e+00,5.160729370117187500e+02,2.173696289062500000e+02
4.360000000000000000e+02,5.169944458007812500e+02,1.220570068359375000e+02,5.188471679687500000e+02,1.197775268554687500e+02,5.146708984375000000e+02,1.202002639770507812e+02,0.000000000000000000e+00,0.000000000000000000e+00,5.111323852539062500e+02,1.227716827392578125e+02,0.000000000000000000e+00,0.000000000000000000e+00,5.109458007812500000e+02,1.344188232421875000e+02,0.000000000000000000e+00,0.000000000000000000e+00,5.009623413085937500e+02,1.455480194091796875e+02,0.000000000000000000e+00,0.000000000000000000e+00,5.125964355468750000e+02,1.404444122314453125e+02,0.000000000000000000e+00,0.000000000000000000e+00,5.144537963867187500e+02,1.713539886474609375e+02,0.000000000000000000e+00,0.000000000000000000e+00,5.144569091796875000e+02,1.952588195800781250e+02,0.000000000000000000e+00,0.000000000000000000e+00,5.158354492187500000e+02,2.170896759033203125e+02
4.370000000000000000e+02,5.159187622070312500e+02,1.218929824829101562e+02,5.169851684570312500e+02,1.193547058105468750e+02,5.132205810546875000e+02,1.199010772705078125e+02,0.000000000000000000e+00,0.000000000000000000e+00,5.097464904785156250e+02,1.221734237670898438e+02,0.000000000000000000e+00,0.000000000000000000e+00,5.094227905273437500e+02,1.338533935546875000e+02,0.000000000000000000e+00,0.000000000000000000e+00,4.995928955078125000e+02,1.451414031982421875e+02,0.000000000000000000e+00,0.000000000000000000e+00,5.110892028808593750e+02,1.388241271972656250e+02,0.000000000000000000e+00,0.000000000000000000e+00,5.126763305664062500e+02,1.716055755615234375e+02,0.000000000000000000e+00,0.000000000000000000e+00,5.129650268554687500e+02,1.958885803222656250e+02,0.000000000000000000e+00,0.000000000000000000e+00,5.157203369140625000e+02,2.172287902832031250e+02
4.380000000000000000e+02,5.135484619140625000e+02,1.224810714721679688e+02,5.155539550781250000e+02,1.201908340454101562e+02,5.115990600585937500e+02,1.201979370117187500e+02,0.000000000000000000e+00,0.000000000000000000e+00,5.079661560058593750e+02,1.219755401611328125e+02,5.217679443359375000e+02,1.331572875976562500e+02,5.072721252441406250e+02,1.342958374023437500e+02,0.000000000000000000e+00,0.000000000000000000e+00,4.977231445312500000e+02,1.452897033691406250e+02,0.000000000000000000e+00,0.000000000000000000e+00,5.087132568359375000e+02,1.380465087890625000e+02,0.000000000000000000e+00,0.000000000000000000e+00,5.114404296875000000e+02,1.703982543945312500e+02,0.000000000000000000e+00,0.000000000000000000e+00,5.124690551757812500e+02,1.956349334716796875e+02,0.000000000000000000e+00,0.000000000000000000e+00,5.154165039062500000e+02,2.164730377197265625e+02
4.390000000000000000e+02,5.111799621582031250e+02,1.221278457641601562e+02,5.131466064453125000e+02,1.199626617431640625e+02,5.090166931152343750e+02,1.201504058837890625e+02,5.168264770507812500e+02,1.210188140869140625e+02,5.064147033691406250e+02,1.219184188842773438e+02,5.208131103515625000e+02,1.329516143798828125e+02,5.049387207031250000e+02,1.341800384521484375e+02,0.000000000000000000e+00,0.000000000000000000e+00,4.960686645507812500e+02,1.456233520507812500e+02,0.000000000000000000e+00,0.000000000000000000e+00,5.071696166992187500e+02,1.386538543701171875e+02,5.208629150390625000e+02,1.677130889892578125e+02,5.101268310546875000e+02,1.691896209716796875e+02,0.000000000000000000e+00,0.000000000000000000e+00,5.118820190429687500e+02,1.936913604736328125e+02,0.000000000000000000e+00,0.000000000000000000e+00,5.159645996093750000e+02,2.160767059326171875e+02
4.400000000000000000e+02,5.087124023437500000e+02,1.222534790039062500e+02,5.109355468750000000e+02,1.200544281005859375e+02,5.065252075195312500e+02,1.204851379394531250e+02,5.149020385742187500e+02,1.213686828613281250e+02,0.000000000000000000e+00,0.000000000000000000e+00,5.193153076171875000e+02,1.328585968017578125e+02,5.029409790039062500e+02,1.341749420166015625e+02,0.000000000000000000e+00,0.000000000000000000e+00,4.941302490234375000e+02,1.461325225830078125e+02,0.000000000000000000e+00,0.000000000000000000e+00,5.042905273437500000e+02,1.395199432373046875e+02,5.192990722656250000e+02,1.668895721435546875e+02,5.082654418945312500e+02,1.677870635986328125e+02,5.193317871093750000e+02,1.934514465332031250e+02,5.104782409667968750e+02,1.938694000244140625e+02,0.000000000000000000e+00,0.000000000000000000e+00,5.131348876953125000e+02,2.168650970458984375e+02
4.410000000000000000e+02,5.070059509277343750e+02,1.228433532714843750e+02,5.096453857421875000e+02,1.202063064575195312e+02,5.052464904785156250e+02,1.206745147705078125e+02,5.140280151367187500e+02,1.219702606201171875e+02,0.000000000000000000e+00,0.000000000000000000e+00,5.184251708984375000e+02,1.329302062988281250e+02,5.021588134765625000e+02,1.346805267333984375e+02,0.000000000000000000e+00,0.000000000000000000e+00,4.929583740234375000e+02,1.465206756591796875e+02,0.000000000000000000e+00,0.000000000000000000e+00,5.021936950683593750e+02,1.404028778076171875e+02,5.184263305664062500e+02,1.663578643798828125e+02,5.078958129882812500e+02,1.676051940917968750e+02,5.175498657226562500e+02,1.930757293701171875e+02,5.087753601074218750e+02,1.930562896728515625e+02,5.157956542968750000e+02,2.154520721435546875e+02,5.087701721191406250e+02,2.154226379394531250e+02
4.420000000000000000e+02,5.051675415039062500e+02,1.232760925292968750e+02,5.074514160156250000e+02,1.205556488037109375e+02,5.033529663085937500e+02,1.210363769531250000e+02,5.120209960937500000e+02,1.223721771240234375e+02,0.000000000000000000e+00,0.000000000000000000e+00,5.174073486328125000e+02,1.337003021240234375e+02,4.997266540527343750e+02,1.355014190673828125e+02,0.000000000000000000e+00,0.000000000000000000e+00,4.911170959472656250e+02,1.468459625244140625e+02,0.000000000000000000e+00,0.000000000000000000e+00,5.011007995605468750e+02,1.400646057128906250e+02,5.178549804687500000e+02,1.668458099365234375e+02,5.060753173828125000e+02,1.676991424560546875e+02,5.160429077148437500e+02,1.931195983886718750e+02,5.078888244628906250e+02,1.930965118408203125e+02,5.146709594726562500e+02,2.157534637451171875e+02,5.042614746093750000e+02,2.157425384521484375e+02
4.430000000000000000e+02,5.037877197265625000e+02,1.233230819702148438e+02,5.060358581542968750e+02,1.210730743408203125e+02,5.019837341308593750e+02,1.215202026367187500e+02,5.105425415039062500e+02,1.224205856323242188e+02,0.000000000000000000e+00,0.000000000000000000e+00,5.164151000976562500e+02,1.341382293701171875e+02,4.988050537109375000e+02,1.359565582275390625e+02,0.000000000000000000e+00,0.000000000000000000e+00,4.902608032226562500e+02,1.472106170654296875e+02,0.000000000000000000e+00,0.000000000000000000e+00,4.992784423828125000e+02,1.409316253662109375e+02,5.164172363281250000e+02,1.666685028076171875e+02,5.046914367675781250e+02,1.675011749267578125e+02,5.100431213378906250e+02,1.936998138427734375e+02,5.083179321289062500e+02,1.932147674560546875e+02,5.007177734375000000e+02,2.152398834228515625e+02,5.155348510742187500e+02,2.176123352050781250e+02
4.440000000000000000e+02,5.012634887695312500e+02,1.231659851074218750e+02,5.039250793457031250e+02,1.213801193237304688e+02,5.000877380371093750e+02,1.213837585449218750e+02,5.092526245117187500e+02,1.222638702392578125e+02,0.000000000000000000e+00,0.000000000000000000e+00,5.154689941406250000e+02,1.358810882568359375e+02,4.965360717773437500e+02,1.367778167724609375e+02,0.000000000000000000e+00,0.000000000000000000e+00,4.885449829101562500e+02,1.474109954833984375e+02,0.000000000000000000e+00,0.000000000000000000e+00,4.980208435058593750e+02,1.423889770507812500e+02,5.148506469726562500e+02,1.695673370361328125e+02,5.030238037109375000e+02,1.698350067138671875e+02,5.109535827636718750e+02,1.944288635253906250e+02,5.074739990234375000e+02,1.935545196533203125e+02,4.985391235351562500e+02,2.162471160888671875e+02,5.173702392578125000e+02,2.176624298095703125e+02
4.450000000000000000e+02,5.001798400878906250e+02,1.238610458374023438e+02,5.026545410156250000e+02,1.214022827148437500e+02,4.990668640136718750e+02,1.214003448486328125e+02,5.082525939941406250e+02,1.227422180175781250e+02,0.000000000000000000e+00,0.000000000000000000e+00,5.145286865234375000e+02,1.364141998291015625e+02,4.954811401367187500e+02,1.368691864013671875e+02,0.000000000000000000e+00,0.000000000000000000e+00,4.869635009765625000e+02,1.476206512451171875e+02,0.000000000000000000e+00,0.000000000000000000e+00,4.970531921386718750e+02,1.415653381347656250e+02,5.138573608398437500e+02,1.698197479248046875e+02,5.017684020996093750e+02,1.700138702392578125e+02,5.117059936523437500e+02,1.944461212158203125e+02,5.057382507324218750e+02,1.942035675048828125e+02,4.976225280761718750e+02,2.179934234619140625e+02,0.000000000000000000e+00,0.000000000000000000e+00
4.460000000000000000e+02,4.982169189453125000e+02,1.236964263916015625e+02,5.011487426757812500e+02,1.216615447998046875e+02,4.970977172851562500e+02,1.216605377197265625e+02,5.065499877929687500e+02,1.234667968750000000e+02,0.000000000000000000e+00,0.000000000000000000e+00,5.126355590820312500e+02,1.374432373046875000e+02,4.943928833007812500e+02,1.372081909179687500e+02,5.182720336914062500e+02,1.540012817382812500e+02,4.856059875488281250e+02,1.475653686523437500e+02,0.000000000000000000e+00,0.000000000000000000e+00,4.950711669921875000e+02,1.419454650878906250e+02,5.112981262207031250e+02,1.708039703369140625e+02,4.995910034179687500e+02,1.705686187744140625e+02,5.081475524902343750e+02,1.956091003417968750e+02,5.043828735351562500e+02,1.950702056884765625e+02,5.158690185546875000e+02,2.157694396972656250e+02,4.967018127441406250e+02,2.186599426269531250e+02
4.470000000000000000e+02,4.968550720214843750e+02,1.232876663208007812e+02,4.996384277343750000e+02,1.211915435791015625e+02,4.959321289062500000e+02,1.212060165405273438e+02,5.047445678710937500e+02,1.230537109375000000e+02,0.000000000000000000e+00,0.000000000000000000e+00,5.107860717773437500e+02,1.367648162841796875e+02,4.933541564941406250e+02,1.363054351806640625e+02,5.156749877929687500e+02,1.537317962646484375e+02,4.833614501953125000e+02,1.476925964355468750e+02,5.171121215820312500e+02,1.697617492675781250e+02,4.924331054687500000e+02,1.421072235107421875e+02,5.087214660644531250e+02,1.709345245361328125e+02,4.973276672363281250e+02,1.702467956542968750e+02,5.067540893554687500e+02,1.960662841796875000e+02,5.032342529296875000e+02,1.955829467773437500e+02,5.148220825195312500e+02,2.160800323486328125e+02,4.963789367675781250e+02,2.193662567138671875e+02
4.480000000000000000e+02,4.947328186035156250e+02,1.232900543212890625e+02,4.972972412109375000e+02,1.207539596557617188e+02,4.940370483398437500e+02,1.207486114501953125e+02,5.037905883789062500e+02,1.226102828979492188e+02,0.000000000000000000e+00,0.000000000000000000e+00,5.091160278320312500e+02,1.365116424560546875e+02,4.922337036132812500e+02,1.360649414062500000e+02,5.146838989257812500e+02,1.531974487304687500e+02,4.824624328613281250e+02,1.471636199951171875e+02,5.158498535156250000e+02,1.689367980957031250e+02,4.905824584960937500e+02,1.411464080810546875e+02,5.072548522949218750e+02,1.721674652099609375e+02,4.961427307128906250e+02,1.717037506103515625e+02,5.021801147460937500e+02,1.965036163330078125e+02,5.037200317382812500e+02,1.962722167968750000e+02,4.966092224121093750e+02,2.185442962646484375e+02,5.149221801757812500e+02,2.167085571289062500e+02
4.490000000000000000e+02,4.931563110351562500e+02,1.227144470214843750e+02,4.959673461914062500e+02,1.206022796630859375e+02,4.922173461914062500e+02,1.203705902099609375e+02,5.020472412109375000e+02,1.222284698486328125e+02,0.000000000000000000e+00,0.000000000000000000e+00,5.076707763671875000e+02,1.355774688720703125e+02,4.903479614257812500e+02,1.355784912109375000e+02,5.132944946289062500e+02,1.526800384521484375e+02,4.814635620117187500e+02,1.468052978515625000e+02,5.139910278320312500e+02,1.683681335449218750e+02,4.891600952148437500e+02,1.409500427246093750e+02,5.057975769042968750e+02,1.716036834716796875e+02,4.941008911132812500e+02,1.713872833251953125e+02,5.031714172363281250e+02,1.957628479003906250e+02,4.977473144531250000e+02,1.962650299072265625e+02,4.969058227539062500e+02,2.189345550537109375e+02,5.128111572265625000e+02,2.161676177978515625e+02
4.500000000000000000e+02,4.913634643554687500e+02,1.225008926391601562e+02,4.942084960937500000e+02,1.206045989990234375e+02,4.913905944824218750e+02,1.206549682617187500e+02,5.005441894531250000e+02,1.218596496582031250e+02,0.000000000000000000e+00,0.000000000000000000e+00,5.062142944335937500e+02,1.351330108642578125e+02,4.900999450683593750e+02,1.351307525634765625e+02,5.119042358398437500e+02,1.525113983154296875e+02,4.796778564453125000e+02,1.462087097167968750e+02,5.125309448242187500e+02,1.682901916503906250e+02,4.878737182617187500e+02,1.405087127685546875e+02,5.030673217773437500e+02,1.705102386474609375e+02,4.916736450195312500e+02,1.698674621582031250e+02,5.002147827148437500e+02,1.945414276123046875e+02,4.919807128906250000e+02,1.939148101806640625e+02,4.967400207519531250e+02,2.179443359375000000e+02,5.057525939941406250e+02,2.112471160888671875e+02
4.510000000000000000e+02,4.901789245605468750e+02,1.226632995605468750e+02,4.930828857421875000e+02,1.202595062255859375e+02,4.901604309082031250e+02,1.197473907470703125e+02,4.988942260742187500e+02,1.216947174072265625e+02,0.000000000000000000e+00,0.000000000000000000e+00,5.056729125976562500e+02,1.352519073486328125e+02,4.882500610351562500e+02,1.347655181884765625e+02,5.105151367187500000e+02,1.531528778076171875e+02,4.780878906250000000e+02,1.459020843505859375e+02,5.114775695800781250e+02,1.691194763183593750e+02,4.872780761718750000e+02,1.396002349853515625e+02,5.017992553710937500e+02,1.714958496093750000e+02,4.911473388671875000e+02,1.710536956787109375e+02,4.998630371093750000e+02,1.952617645263671875e+02,4.906743164062500000e+02,1.957362060546875000e+02,4.969575805664062500e+02,2.199425506591796875e+02,5.018140869140625000e+02,2.092789764404296875e+02
4.520000000000000000e+02,4.893688354492187500e+02,1.222829437255859375e+02,4.917764587402343750e+02,1.193978347778320312e+02,4.884137573242187500e+02,1.193881072998046875e+02,4.975466308593750000e+02,1.213202896118164062e+02,0.000000000000000000e+00,0.000000000000000000e+00,5.038015136718750000e+02,1.347895050048828125e+02,4.869599609375000000e+02,1.343135833740234375e+02,5.090907897949218750e+02,1.525849761962890625e+02,4.768609313964843750e+02,1.453722686767578125e+02,5.100568847656250000e+02,1.689494934082031250e+02,4.855194091796875000e+02,1.391241455078125000e+02,5.004278564453125000e+02,1.718246002197265625e+02,4.888818969726562500e+02,1.708634948730468750e+02,4.985157470703125000e+02,1.958825836181640625e+02,4.869495239257812500e+02,1.944287567138671875e+02,4.970526123046875000e+02,2.194688873291015625e+02,4.956481323242187500e+02,2.136173858642578125e+02
4.530000000000000000e+02,4.878982849121093750e+02,1.216385574340820312e+02,4.907679443359375000e+02,1.192472534179687500e+02,4.874264221191406250e+02,1.192412414550781250e+02,4.965053710937500000e+02,1.211676635742187500e+02,0.000000000000000000e+00,0.000000000000000000e+00,5.031982421875000000e+02,1.345474243164062500e+02,4.855137634277343750e+02,1.340724334716796875e+02,5.079833374023437500e+02,1.517585906982421875e+02,4.764104614257812500e+02,1.455134735107421875e+02,5.089357910156250000e+02,1.675356445312500000e+02,4.850325622558593750e+02,1.388570709228515625e+02,4.998475952148437500e+02,1.708847808837890625e+02,4.878982849121093750e+02,1.699281311035156250e+02,4.988865356445312500e+02,1.952673339843750000e+02,4.836049499511718750e+02,1.933549652099609375e+02,4.974614257812500000e+02,2.177335357666015625e+02,4.926778869628906250e+02,2.115330963134765625e+02
4.540000000000000000e+02,4.856112670898437500e+02,1.224090957641601562e+02,4.879955139160156250e+02,1.202910003662109375e+02,4.858466796875000000e+02,1.204927139282226562e+02,4.946054992675781250e+02,1.219359130859375000e+02,0.000000000000000000e+00,0.000000000000000000e+00,5.017475585937500000e+02,1.349998474121093750e+02,4.841723937988281250e+02,1.345239410400390625e+02,5.067106018066406250e+02,1.520491638183593750e+02,4.744589538574218750e+02,1.459213714599609375e+02,5.071931457519531250e+02,1.684506835937500000e+02,4.834788818359375000e+02,1.387928771972656250e+02,4.981800231933593750e+02,1.708265380859375000e+02,4.860858764648437500e+02,1.698947906494140625e+02,4.972294311523437500e+02,1.950601654052734375e+02,4.827475585937500000e+02,1.938660430908203125e+02,4.965283813476562500e+02,2.185534515380859375e+02,4.877337951660156250e+02,2.161759948730468750e+02
4.550000000000000000e+02,4.839365539550781250e+02,1.218993530273437500e+02,4.868175964355468750e+02,1.198016738891601562e+02,4.839730224609375000e+02,1.196074142456054688e+02,4.935335693359375000e+02,1.215247497558593750e+02,0.000000000000000000e+00,0.000000000000000000e+00,5.008203125000000000e+02,1.345707092285156250e+02,4.831650695800781250e+02,1.345701293945312500e+02,5.054158935546875000e+02,1.521933746337890625e+02,4.730109252929687500e+02,1.458876800537109375e+02,5.062001037597656250e+02,1.682993011474609375e+02,4.820222167968750000e+02,1.399402770996093750e+02,4.973722534179687500e+02,1.713998260498046875e+02,4.847096252441406250e+02,1.704407196044921875e+02,4.967978820800781250e+02,1.963578338623046875e+02,4.808573913574218750e+02,1.952041778564453125e+02,4.964181518554687500e+02,2.197678375244140625e+02,4.818176269531250000e+02,2.180500946044921875e+02
4.560000000000000000e+02,4.820730590820312500e+02,1.221166076660156250e+02,4.847562561035156250e+02,1.198228149414062500e+02,4.824127197265625000e+02,1.196063690185546875e+02,4.914852294921875000e+02,1.217456741333007812e+02,0.000000000000000000e+00,0.000000000000000000e+00,4.989841003417968750e+02,1.347952880859375000e+02,4.807327880859375000e+02,1.347954559326171875e+02,5.039621582031250000e+02,1.524719238281250000e+02,4.715099182128906250e+02,1.463335113525390625e+02,5.045289306640625000e+02,1.688217010498046875e+02,4.801515808105468750e+02,1.405674743652343750e+02,4.964711303710937500e+02,1.714780273437500000e+02,4.837928771972656250e+02,1.706892395019531250e+02,4.974332580566406250e+02,1.960628356933593750e+02,4.797629089355468750e+02,1.953082580566406250e+02,4.964718627929687500e+02,2.193085937500000000e+02,4.788094482421875000e+02,2.183443908691406250e+02
4.570000000000000000e+02,4.806530761718750000e+02,1.216768646240234375e+02,4.832340393066406250e+02,1.198113174438476562e+02,4.806154174804687500e+02,1.198284912109375000e+02,4.895634155273437500e+02,1.219093780517578125e+02,0.000000000000000000e+00,0.000000000000000000e+00,4.970752563476562500e+02,1.350262603759765625e+02,4.783284301757812500e+02,1.352729644775390625e+02,5.021992187500000000e+02,1.523529510498046875e+02,4.696469726562500000e+02,1.462564849853515625e+02,5.026616516113281250e+02,1.689900665283203125e+02,4.783175048828125000e+02,1.406408843994140625e+02,4.949615478515625000e+02,1.711110534667968750e+02,4.823109741210937500e+02,1.706305236816406250e+02,4.963617553710937500e+02,1.956981964111328125e+02,4.783159484863281250e+02,1.954637298583984375e+02,4.966035766601562500e+02,2.198233489990234375e+02,4.755031127929687500e+02,2.186680755615234375e+02
4.580000000000000000e+02,4.793823852539062500e+02,1.223695831298828125e+02,4.822230834960937500e+02,1.204814910888671875e+02,0.000000000000000000e+00,0.000000000000000000e+00,4.878917846679687500e+02,1.223558807373046875e+02,0.000000000000000000e+00,0.000000000000000000e+00,4.966741638183593750e+02,1.358426971435546875e+02,4.778445434570312500e+02,1.361649627685546875e+02,5.010597534179687500e+02,1.534051513671875000e+02,4.677909545898437500e+02,1.471535644531250000e+02,5.019924926757812500e+02,1.689964752197265625e+02,4.765714111328125000e+02,1.411842956542968750e+02,4.947824096679687500e+02,1.732198944091796875e+02,4.816199035644531250e+02,1.728832855224609375e+02,4.969933471679687500e+02,1.967265777587890625e+02,4.775092163085937500e+02,1.964304809570312500e+02,4.969913940429687500e+02,2.193725128173828125e+02,4.734453430175781250e+02,2.187120208740234375e+02
4.590000000000000000e+02,4.775719604492187500e+02,1.223949890136718750e+02,4.800874023437500000e+02,1.202555389404296875e+02,0.000000000000000000e+00,0.000000000000000000e+00,4.862319641113281250e+02,1.224203948974609375e+02,0.000000000000000000e+00,0.000000000000000000e+00,4.943044738769531250e+02,1.360773773193359375e+02,4.753607177734375000e+02,1.360784301757812500e+02,4.992606201171875000e+02,1.534850921630859375e+02,4.660275268554687500e+02,1.478840026855468750e+02,4.992590332031250000e+02,1.696508636474609375e+02,4.747625122070312500e+02,1.416833038330078125e+02,4.933647766113281250e+02,1.739794006347656250e+02,4.800339965820312500e+02,1.739809112548828125e+02,4.958554687500000000e+02,1.975711822509765625e+02,4.762997131347656250e+02,1.972759399414062500e+02,4.967948608398437500e+02,2.199819183349609375e+02,4.719349975585937500e+02,2.187023620605468750e+02
4.600000000000000000e+02,4.750888061523437500e+02,1.229609832763671875e+02,4.776340942382812500e+02,1.206802139282226562e+02,0.000000000000000000e+00,0.000000000000000000e+00,4.845426940917968750e+02,1.229658813476562500e+02,0.000000000000000000e+00,0.000000000000000000e+00,4.921486206054687500e+02,1.363368988037109375e+02,4.734644775390625000e+02,1.363387451171875000e+02,4.976719970703125000e+02,1.545628967285156250e+02,4.649605102539062500e+02,1.478790740966796875e+02,4.978718872070312500e+02,1.713459167480468750e+02,4.725646972656250000e+02,1.418477630615234375e+02,4.912330932617187500e+02,1.741526641845703125e+02,4.780737915039062500e+02,1.743600463867187500e+02,4.942242431640625000e+02,1.971784210205078125e+02,4.753413085937500000e+02,1.973977661132812500e+02,4.960717468261718750e+02,2.193023681640625000e+02,4.711737670898437500e+02,2.183849639892578125e+02
4.610000000000000000e+02,4.738426208496093750e+02,1.231181030273437500e+02,4.766234130859375000e+02,1.212598724365234375e+02,0.000000000000000000e+00,0.000000000000000000e+00,4.832334899902343750e+02,1.231072616577148438e+02,0.000000000000000000e+00,0.000000000000000000e+00,4.907494812011718750e+02,1.363025817871093750e+02,4.723234558105468750e+02,1.361542968750000000e+02,4.964052429199218750e+02,1.547229614257812500e+02,4.632887268066406250e+02,1.479812774658203125e+02,4.965428161621093750e+02,1.715852508544921875e+02,4.709550170898437500e+02,1.425934448242187500e+02,4.894956665039062500e+02,1.745156250000000000e+02,4.764618835449218750e+02,1.745265655517578125e+02,4.925662231445312500e+02,1.975229949951171875e+02,4.746370849609375000e+02,1.975343627929687500e+02,4.957961425781250000e+02,2.177440643310546875e+02,4.717250976562500000e+02,2.186886596679687500e+02
4.620000000000000000e+02,4.719161987304687500e+02,1.234738006591796875e+02,4.742112121582031250e+02,1.210647583007812500e+02,0.000000000000000000e+00,0.000000000000000000e+00,4.810104980468750000e+02,1.229139862060546875e+02,0.000000000000000000e+00,0.000000000000000000e+00,4.884215087890625000e+02,1.368762359619140625e+02,4.704118347167968750e+02,1.364331512451171875e+02,4.940157165527343750e+02,1.558386840820312500e+02,4.613002624511718750e+02,1.481437530517578125e+02,4.944698181152343750e+02,1.731590118408203125e+02,4.685732421875000000e+02,1.418387908935546875e+02,4.865740356445312500e+02,1.743482360839843750e+02,4.735954589843750000e+02,1.741883087158203125e+02,4.897899475097656250e+02,1.971298828125000000e+02,4.724997558593750000e+02,1.975808105468750000e+02,4.947662658691406250e+02,2.164420318603515625e+02,4.715797729492187500e+02,2.189080657958984375e+02
4.630000000000000000e+02,4.706898803710937500e+02,1.228374938964843750e+02,4.732951965332031250e+02,1.200053482055664062e+02,0.000000000000000000e+00,0.000000000000000000e+00,4.793876953125000000e+02,1.225975265502929688e+02,0.000000000000000000e+00,0.000000000000000000e+00,4.868742065429687500e+02,1.369028778076171875e+02,4.685867004394531250e+02,1.366793518066406250e+02,4.922684326171875000e+02,1.549364471435546875e+02,4.596667480468750000e+02,1.486588134765625000e+02,4.927348022460937500e+02,1.720562591552734375e+02,4.664869689941406250e+02,1.418335723876953125e+02,4.847590026855468750e+02,1.741851959228515625e+02,4.718684692382812500e+02,1.739346160888671875e+02,4.889778137207031250e+02,1.962460174560546875e+02,4.711823730468750000e+02,1.976548919677734375e+02,4.936619262695312500e+02,2.140263824462890625e+02,4.716497192382812500e+02,2.189782257080078125e+02
4.640000000000000000e+02,4.691834106445312500e+02,1.221808471679687500e+02,4.717142333984375000e+02,1.201053390502929688e+02,0.000000000000000000e+00,0.000000000000000000e+00,4.783937377929687500e+02,1.224485778808593750e+02,0.000000000000000000e+00,0.000000000000000000e+00,4.849732360839843750e+02,1.365847320556640625e+02,4.675901184082031250e+02,1.359329986572265625e+02,4.904361267089843750e+02,1.548229980468750000e+02,4.575630187988281250e+02,1.486545867919921875e+02,4.913788757324218750e+02,1.727896881103515625e+02,4.644299621582031250e+02,1.420660247802734375e+02,4.828826904296875000e+02,1.742344512939453125e+02,4.701100158691406250e+02,1.737848663330078125e+02,4.874675903320312500e+02,1.967962951660156250e+02,4.703587951660156250e+02,1.977231597900390625e+02,4.919841308593750000e+02,2.136259613037109375e+02,4.714928588867187500e+02,2.193646697998046875e+02
4.650000000000000000e+02,4.672348937988281250e+02,1.217311325073242188e+02,4.694981079101562500e+02,1.198144683837890625e+02,0.000000000000000000e+00,0.000000000000000000e+00,4.762792968750000000e+02,1.217573852539062500e+02,0.000000000000000000e+00,0.000000000000000000e+00,4.833749389648437500e+02,1.362875823974609375e+02,4.665864257812500000e+02,1.356673583984375000e+02,4.885397949218750000e+02,1.546602630615234375e+02,4.559756164550781250e+02,1.479081726074218750e+02,4.891628417968750000e+02,1.711122436523437500e+02,4.627176208496093750e+02,1.411274871826171875e+02,4.801453857421875000e+02,1.740294647216796875e+02,4.685233154296875000e+02,1.733872833251953125e+02,4.819874572753906250e+02,1.965425262451171875e+02,4.685109252929687500e+02,1.976015472412109375e+02,4.888362121582031250e+02,2.129006500244140625e+02,4.708242187500000000e+02,2.189367523193359375e+02
4.660000000000000000e+02,4.653516235351562500e+02,1.219953613281250000e+02,4.672717895507812500e+02,1.194393463134765625e+02,0.000000000000000000e+00,0.000000000000000000e+00,4.736520996093750000e+02,1.219790649414062500e+02,0.000000000000000000e+00,0.000000000000000000e+00,4.816459960937500000e+02,1.363948974609375000e+02,4.647078552246093750e+02,1.357786560058593750e+02,4.867556457519531250e+02,1.542646484375000000e+02,4.541708374023437500e+02,1.472677917480468750e+02,4.874094543457031250e+02,1.709014739990234375e+02,4.602424926757812500e+02,1.402018890380859375e+02,4.781336669921875000e+02,1.728090972900390625e+02,4.663191223144531250e+02,1.718505249023437500e+02,4.764069213867187500e+02,1.961668853759765625e+02,4.672902832031250000e+02,1.967238922119140625e+02,4.770049438476562500e+02,2.177625579833984375e+02,4.704217834472656250e+02,2.184886627197265625e+02
4.670000000000000000e+02,4.639150695800781250e+02,1.224249267578125000e+02,4.663894348144531250e+02,1.203509521484375000e+02,0.000000000000000000e+00,0.000000000000000000e+00,4.729909973144531250e+02,1.224693527221679688e+02,0.000000000000000000e+00,0.000000000000000000e+00,4.803397827148437500e+02,1.362558135986328125e+02,4.635206298828125000e+02,1.360693664550781250e+02,4.858319091796875000e+02,1.543979034423828125e+02,4.523941345214843750e+02,1.474110260009765625e+02,4.865715942382812500e+02,1.699057159423828125e+02,4.599410705566406250e+02,1.396800842285156250e+02,4.758186035156250000e+02,1.724904327392578125e+02,4.648652954101562500e+02,1.717493743896484375e+02,4.739034423828125000e+02,1.957537994384765625e+02,4.667652587890625000e+02,1.964874725341796875e+02,4.740611877441406250e+02,2.190094909667968750e+02,4.708917541503906250e+02,2.186501312255859375e+02
4.680000000000000000e+02,4.622932739257812500e+02,1.219871368408203125e+02,4.645524902343750000e+02,1.196889266967773438e+02,0.000000000000000000e+00,0.000000000000000000e+00,4.714185791015625000e+02,1.219942550659179688e+02,0.000000000000000000e+00,0.000000000000000000e+00,4.778637084960937500e+02,1.358857116699218750e+02,4.619005432128906250e+02,1.353264770507812500e+02,4.837616577148437500e+02,1.541612243652343750e+02,4.514353942871093750e+02,1.476957244873046875e+02,4.845303955078125000e+02,1.695699310302734375e+02,4.569385986328125000e+02,1.408536071777343750e+02,4.742399291992187500e+02,1.729975891113281250e+02,4.630472412109375000e+02,1.723929443359375000e+02,4.738969726562500000e+02,1.956480560302734375e+02,4.657000427246093750e+02,1.961997985839843750e+02,4.762216186523437500e+02,2.184363861083984375e+02,4.707278442382812500e+02,2.186971740722656250e+02
4.690000000000000000e+02,4.612734375000000000e+02,1.224010772705078125e+02,4.640924682617187500e+02,1.199904556274414062e+02,0.000000000000000000e+00,0.000000000000000000e+00,4.706146850585937500e+02,1.224357070922851562e+02,0.000000000000000000e+00,0.000000000000000000e+00,4.765555419921875000e+02,1.356953735351562500e+02,4.607387084960937500e+02,1.355000457763671875e+02,4.825325927734375000e+02,1.544912719726562500e+02,4.500917663574218750e+02,1.477975463867187500e+02,4.832357177734375000e+02,1.702028961181640625e+02,4.562495727539062500e+02,1.403179626464843750e+02,4.739100952148437500e+02,1.725049591064453125e+02,4.623939819335937500e+02,1.725060272216796875e+02,4.744853515625000000e+02,1.962050323486328125e+02,4.648354492187500000e+02,1.967365264892578125e+02,4.763927612304687500e+02,2.184983825683593750e+02,4.698381958007812500e+02,2.190633544921875000e+02
4.700000000000000000e+02,4.597159118652343750e+02,1.225153503417968750e+02,4.623772888183593750e+02,1.202576446533203125e+02,0.000000000000000000e+00,0.000000000000000000e+00,4.685254821777343750e+02,1.215716857910156250e+02,0.000000000000000000e+00,0.000000000000000000e+00,4.753687744140625000e+02,1.356722869873046875e+02,4.597325439453125000e+02,1.356909637451171875e+02,4.807264709472656250e+02,1.537022399902343750e+02,4.493546447753906250e+02,1.475727081298828125e+02,4.820370178222656250e+02,1.691520233154296875e+02,4.556681823730468750e+02,1.397583465576171875e+02,4.729291992187500000e+02,1.728210906982421875e+02,4.619770202636718750e+02,1.722371368408203125e+02,4.735157470703125000e+02,1.962367095947265625e+02,4.646146545410156250e+02,1.969580688476562500e+02,4.745678100585937500e+02,2.192530975341796875e+02,4.695630187988281250e+02,2.192415313720703125e+02
4.710000000000000000e+02,4.574636840820312500e+02,1.218525848388671875e+02,4.593916320800781250e+02,1.196047821044921875e+02,0.000000000000000000e+00,0.000000000000000000e+00,4.664552001953125000e+02,1.215626068115234375e+02,0.000000000000000000e+00,0.000000000000000000e+00,4.741002197265625000e+02,1.356129608154296875e+02,4.572838745117187500e+02,1.356196441650390625e+02,4.788830566406250000e+02,1.530821685791015625e+02,4.474263916015625000e+02,1.480276947021484375e+02,4.804617004394531250e+02,1.689853057861328125e+02,4.531093750000000000e+02,1.410687713623046875e+02,4.706213989257812500e+02,1.715006713867187500e+02,4.598039550781250000e+02,1.711777038574218750e+02,4.712830200195312500e+02,1.963102569580078125e+02,4.633145141601562500e+02,1.971755676269531250e+02,4.722638854980468750e+02,2.188683624267578125e+02,4.677208557128906250e+02,2.192137908935546875e+02
4.720000000000000000e+02,4.562075195312500000e+02,1.219663925170898438e+02,4.584430541992187500e+02,1.197864379882812500e+02,0.000000000000000000e+00,0.000000000000000000e+00,4.654084167480468750e+02,1.216850891113281250e+02,0.000000000000000000e+00,0.000000000000000000e+00,4.726256103515625000e+02,1.358682861328125000e+02,4.565930480957031250e+02,1.358790740966796875e+02,4.780229797363281250e+02,1.528870544433593750e+02,4.461733093261718750e+02,1.484756011962890625e+02,4.799303588867187500e+02,1.689690399169921875e+02,4.511588745117187500e+02,1.412569274902343750e+02,4.704365539550781250e+02,1.727451019287109375e+02,4.594142150878906250e+02,1.724105987548828125e+02,4.704110107421875000e+02,1.976629486083984375e+02,4.616310424804687500e+02,1.986190948486328125e+02,4.714022216796875000e+02,2.194326629638671875e+02,4.629002685546875000e+02,2.200621337890625000e+02
4.730000000000000000e+02,4.548604736328125000e+02,1.225592041015625000e+02,4.570007019042968750e+02,1.202053527832031250e+02,0.000000000000000000e+00,0.000000000000000000e+00,4.638373718261718750e+02,1.220818099975585938e+02,0.000000000000000000e+00,0.000000000000000000e+00,4.708854370117187500e+02,1.361895904541015625e+02,4.550733947753906250e+02,1.361979370117187500e+02,4.760695495605468750e+02,1.531707916259765625e+02,4.447292480468750000e+02,1.484555664062500000e+02,4.779266357421875000e+02,1.687217254638671875e+02,4.501058349609375000e+02,1.418851165771484375e+02,4.682885742187500000e+02,1.731477813720703125e+02,4.581548461914062500e+02,1.726987762451171875e+02,4.610849304199218750e+02,1.971559906005859375e+02,4.656073913574218750e+02,1.981287689208984375e+02,4.562585144042968750e+02,2.191197967529296875e+02,4.718519897460937500e+02,2.202845306396484375e+02
4.740000000000000000e+02,4.536358337402343750e+02,1.231907348632812500e+02,4.559837036132812500e+02,1.208308181762695312e+02,0.000000000000000000e+00,0.000000000000000000e+00,4.623264465332031250e+02,1.227153549194335938e+02,0.000000000000000000e+00,0.000000000000000000e+00,4.695664367675781250e+02,1.365943145751953125e+02,4.536602783203125000e+02,1.363032684326171875e+02,4.746225891113281250e+02,1.534725952148437500e+02,4.429121704101562500e+02,1.490860137939453125e+02,4.766936340332031250e+02,1.695986022949218750e+02,4.482622680664062500e+02,1.424666900634765625e+02,4.667578735351562500e+02,1.730831298828125000e+02,4.569502868652343750e+02,1.724367218017578125e+02,4.599871826171875000e+02,1.963045196533203125e+02,4.648648071289062500e+02,1.972787628173828125e+02,4.544237060546875000e+02,2.179584960937500000e+02,4.714884643554687500e+02,2.192221221923828125e+02
4.750000000000000000e+02,4.522542724609375000e+02,1.238890228271484375e+02,4.542718811035156250e+02,1.212219238281250000e+02,0.000000000000000000e+00,0.000000000000000000e+00,4.603792724609375000e+02,1.231113967895507812e+02,0.000000000000000000e+00,0.000000000000000000e+00,4.678435058593750000e+02,1.371085205078125000e+02,4.522952270507812500e+02,1.366872711181640625e+02,4.731619567871093750e+02,1.536290893554687500e+02,4.412115173339843750e+02,1.490183258056640625e+02,4.745362548828125000e+02,1.690789489746093750e+02,4.471110839843750000e+02,1.419523315429687500e+02,4.662496337890625000e+02,1.738884582519531250e+02,4.555195617675781250e+02,1.736074676513671875e+02,4.579062194824218750e+02,1.978843994140625000e+02,4.636083679199218750e+02,1.983303833007812500e+02,4.522525024414062500e+02,2.192574005126953125e+02,4.712952575683593750e+02,2.189562530517578125e+02
4.760000000000000000e+02,4.504376525878906250e+02,1.232749633789062500e+02,4.525616149902343750e+02,1.209686508178710938e+02,0.000000000000000000e+00,0.000000000000000000e+00,4.589088745117187500e+02,1.227232055664062500e+02,0.000000000000000000e+00,0.000000000000000000e+00,4.659960632324218750e+02,1.367668762207031250e+02,4.508451538085937500e+02,1.367738494873046875e+02,4.715979614257812500e+02,1.530912780761718750e+02,4.398446044921875000e+02,1.486935272216796875e+02,4.731112060546875000e+02,1.686749267578125000e+02,4.458311157226562500e+02,1.413935394287109375e+02,4.646491088867187500e+02,1.737105865478515625e+02,4.543027343750000000e+02,1.735120086669921875e+02,4.564034423828125000e+02,1.977237396240234375e+02,4.627497863769531250e+02,1.981186065673828125e+02,4.510026550292968750e+02,2.202057647705078125e+02,4.706364746093750000e+02,2.190494079589843750e+02
4.770000000000000000e+02,4.489709777832031250e+02,1.231299667358398438e+02,4.511281127929687500e+02,1.207145843505859375e+02,0.000000000000000000e+00,0.000000000000000000e+00,4.575553588867187500e+02,1.228670043945312500e+02,0.000000000000000000e+00,0.000000000000000000e+00,4.647062072753906250e+02,1.368936920166015625e+02,4.492179565429687500e+02,1.366806793212890625e+02,4.697207641601562500e+02,1.533510894775390625e+02,4.382445068359375000e+02,1.486031036376953125e+02,4.713738403320312500e+02,1.693070068359375000e+02,4.446486816406250000e+02,1.421829681396484375e+02,4.627550354003906250e+02,1.733913574218750000e+02,4.525424499511718750e+02,1.726669464111328125e+02,4.556372070312500000e+02,1.974479370117187500e+02,4.616078491210937500e+02,1.976850891113281250e+02,4.511242370605468750e+02,2.206063995361328125e+02,4.699373474121093750e+02,2.189094390869140625e+02
4.780000000000000000e+02,4.478717041015625000e+02,1.216428070068359375e+02,4.498214111328125000e+02,1.193751983642578125e+02,0.000000000000000000e+00,0.000000000000000000e+00,4.562948608398437500e+02,1.219970016479492188e+02,0.000000000000000000e+00,0.000000000000000000e+00,4.631062316894531250e+02,1.359229431152343750e+02,4.472131958007812500e+02,1.356152191162109375e+02,4.682779541015625000e+02,1.524382629394531250e+02,4.365166015625000000e+02,1.488868408203125000e+02,4.692619018554687500e+02,1.689770660400390625e+02,4.423804931640625000e+02,1.413789215087890625e+02,4.614833374023437500e+02,1.719020080566406250e+02,4.501215820312500000e+02,1.712318267822265625e+02,4.553732910156250000e+02,1.971955413818359375e+02,4.589326171875000000e+02,1.968745880126953125e+02,4.501370239257812500e+02,2.208249816894531250e+02,4.676538696289062500e+02,2.192176055908203125e+02
4.790000000000000000e+02,4.462307739257812500e+02,1.219570236206054688e+02,4.483883056640625000e+02,1.195472717285156250e+02,0.000000000000000000e+00,0.000000000000000000e+00,4.544199829101562500e+02,1.216993026733398438e+02,0.000000000000000000e+00,0.000000000000000000e+00,4.616496887207031250e+02,1.358667144775390625e+02,4.457368164062500000e+02,1.358980255126953125e+02,4.664102783203125000e+02,1.526810150146484375e+02,4.347081909179687500e+02,1.478849182128906250e+02,4.676267395019531250e+02,1.692433319091796875e+02,4.412061157226562500e+02,1.406639862060546875e+02,4.587616577148437500e+02,1.721608276367187500e+02,4.481397094726562500e+02,1.714190826416015625e+02,4.539378356933593750e+02,1.980923309326171875e+02,4.563571777343750000e+02,1.976340179443359375e+02,4.503329772949218750e+02,2.213948059082031250e+02,4.653932495117187500e+02,2.181727905273437500e+02
4.800000000000000000e+02,4.438531494140625000e+02,1.230041885375976562e+02,4.465005493164062500e+02,1.205439910888671875e+02,0.000000000000000000e+00,0.000000000000000000e+00,4.533409729003906250e+02,1.224444885253906250e+02,0.000000000000000000e+00,0.000000000000000000e+00,4.601394042968750000e+02,1.360761566162109375e+02,4.438266906738281250e+02,1.361139526367187500e+02,4.649004211425781250e+02,1.538767700195312500e+02,4.339714965820312500e+02,1.486326904296875000e+02,4.662106933593750000e+02,1.699991607666015625e+02,4.400393676757812500e+02,1.408324890136718750e+02,4.578703002929687500e+02,1.732736206054687500e+02,4.469105529785156250e+02,1.728988494873046875e+02,4.553652343750000000e+02,1.977378387451171875e+02,4.506105957031250000e+02,1.979624938964843750e+02,4.503109130859375000e+02,2.216502990722656250e+02,4.634500122070312500e+02,2.166110076904296875e+02
4.810000000000000000e+02,4.422164611816406250e+02,1.224039077758789062e+02,4.445736083984375000e+02,1.198151321411132812e+02,0.000000000000000000e+00,0.000000000000000000e+00,4.518746337890625000e+02,1.219303436279296875e+02,0.000000000000000000e+00,0.000000000000000000e+00,4.589568481445312500e+02,1.358213043212890625e+02,4.426971435546875000e+02,1.355936431884765625e+02,4.639016113281250000e+02,1.530146789550781250e+02,4.332737121582031250e+02,1.482944641113281250e+02,4.650686340332031250e+02,1.687870025634765625e+02,4.382292175292968750e+02,1.409950256347656250e+02,4.561320190429687500e+02,1.730204925537109375e+02,4.450778198242187500e+02,1.723125762939453125e+02,4.525928039550781250e+02,1.975511474609375000e+02,4.467100830078125000e+02,1.978014373779296875e+02,4.497391357421875000e+02,2.215858612060546875e+02,4.589779357910156250e+02,2.166570587158203125e+02
4.820000000000000000e+02,4.416699218750000000e+02,1.218875885009765625e+02,4.437901916503906250e+02,1.194551544189453125e+02,0.000000000000000000e+00,0.000000000000000000e+00,4.504658813476562500e+02,1.215522003173828125e+02,0.000000000000000000e+00,0.000000000000000000e+00,4.580255737304687500e+02,1.353621215820312500e+02,4.419211425781250000e+02,1.355900573730468750e+02,4.627807006835937500e+02,1.526038970947265625e+02,4.320756835937500000e+02,1.478903198242187500e+02,4.640801086425781250e+02,1.685125579833984375e+02,4.378969726562500000e+02,1.401529998779296875e+02,4.549985961914062500e+02,1.726941986083984375e+02,4.436311340332031250e+02,1.723360748291015625e+02,4.522021789550781250e+02,1.965783843994140625e+02,4.427068481445312500e+02,1.958204650878906250e+02,4.513600463867187500e+02,2.202372894287109375e+02,4.535045471191406250e+02,2.152139434814453125e+02
4.830000000000000000e+02,4.398042907714843750e+02,1.211560897827148438e+02,4.424664916992187500e+02,1.185353546142578125e+02,0.000000000000000000e+00,0.000000000000000000e+00,4.496423339843750000e+02,1.209614257812500000e+02,0.000000000000000000e+00,0.000000000000000000e+00,4.568058471679687500e+02,1.345912628173828125e+02,4.407423706054687500e+02,1.355551300048828125e+02,4.618285217285156250e+02,1.523007049560546875e+02,4.299925537109375000e+02,1.475324096679687500e+02,4.630232543945312500e+02,1.690495452880859375e+02,4.364589538574218750e+02,1.401091156005859375e+02,4.539496154785156250e+02,1.728878173828125000e+02,4.424748535156250000e+02,1.726441802978515625e+02,4.501101379394531250e+02,1.970885467529296875e+02,4.393159179687500000e+02,1.959122772216796875e+02,4.505358581542968750e+02,2.215209197998046875e+02,4.510190429687500000e+02,2.159200897216796875e+02
4.840000000000000000e+02,4.385621948242187500e+02,1.209363555908203125e+02,4.411842956542968750e+02,1.185782928466796875e+02,0.000000000000000000e+00,0.000000000000000000e+00,4.483825378417968750e+02,1.207439498901367188e+02,0.000000000000000000e+00,0.000000000000000000e+00,4.555319519042968750e+02,1.341009826660156250e+02,4.389969482421875000e+02,1.348358612060546875e+02,4.605565795898437500e+02,1.513314208984375000e+02,4.285275878906250000e+02,1.472608489990234375e+02,4.617421264648437500e+02,1.680547332763671875e+02,4.349951171875000000e+02,1.403457489013671875e+02,4.522015380859375000e+02,1.730827789306640625e+02,4.407271423339843750e+02,1.726273345947265625e+02,4.480982055664062500e+02,1.960641021728515625e+02,4.369064331054687500e+02,1.962732849121093750e+02,4.507420654296875000e+02,2.192346801757812500e+02,4.481274719238281250e+02,2.175327301025390625e+02
4.850000000000000000e+02,4.369216308593750000e+02,1.209179992675781250e+02,4.392181091308593750e+02,1.186721038818359375e+02,0.000000000000000000e+00,0.000000000000000000e+00,4.467321777343750000e+02,1.209616165161132812e+02,0.000000000000000000e+00,0.000000000000000000e+00,4.545350341796875000e+02,1.340158386230468750e+02,4.369356689453125000e+02,1.349929656982421875e+02,4.587816162109375000e+02,1.513049774169921875e+02,4.271658020019531250e+02,1.480463562011718750e+02,4.600527343750000000e+02,1.676295928955078125e+02,4.330454101562500000e+02,1.408706665039062500e+02,4.509171752929687500e+02,1.728559570312500000e+02,4.385390625000000000e+02,1.728445739746093750e+02,4.499558715820312500e+02,1.969557189941406250e+02,4.356376953125000000e+02,1.963370666503906250e+02,4.509520874023437500e+02,2.194550323486328125e+02,4.434435424804687500e+02,2.178559722900390625e+02
4.860000000000000000e+02,4.356163330078125000e+02,1.212077407836914062e+02,4.379328002929687500e+02,1.186549987792968750e+02,0.000000000000000000e+00,0.000000000000000000e+00,4.453613281250000000e+02,1.215679321289062500e+02,0.000000000000000000e+00,0.000000000000000000e+00,4.527749938964843750e+02,1.344543609619140625e+02,4.353199768066406250e+02,1.354300994873046875e+02,4.576219482421875000e+02,1.515862274169921875e+02,4.256587524414062500e+02,1.483658294677734375e+02,4.592163085937500000e+02,1.677506713867187500e+02,4.318311462402343750e+02,1.409333496093750000e+02,4.498432617187500000e+02,1.725489044189453125e+02,4.375861816406250000e+02,1.722398834228515625e+02,4.495455932617187500e+02,1.970955200195312500e+02,4.330830078125000000e+02,1.958222808837890625e+02,4.501923217773437500e+02,2.209994964599609375e+02,4.375854492187500000e+02,2.197024841308593750e+02
4.870000000000000000e+02,4.342452392578125000e+02,1.216856994628906250e+02,4.368903808593750000e+02,1.194640579223632812e+02,0.000000000000000000e+00,0.000000000000000000e+00,4.437799682617187500e+02,1.217230529785156250e+02,0.000000000000000000e+00,0.000000000000000000e+00,4.512527465820312500e+02,1.347511138916015625e+02,4.344395141601562500e+02,1.357046661376953125e+02,4.561152648925781250e+02,1.520915679931640625e+02,4.239956054687500000e+02,1.478706665039062500e+02,4.570321044921875000e+02,1.686480255126953125e+02,4.307256469726562500e+02,1.414851531982421875e+02,4.490084228515625000e+02,1.732432708740234375e+02,4.363139038085937500e+02,1.726640319824218750e+02,4.491870117187500000e+02,1.987848510742187500e+02,4.320072326660156250e+02,1.976843109130859375e+02,4.499497375488281250e+02,2.224627838134765625e+02,4.318356018066406250e+02,2.204304656982421875e+02
4.880000000000000000e+02,4.329111328125000000e+02,1.218894882202148438e+02,4.352151489257812500e+02,1.195658798217773438e+02,0.000000000000000000e+00,0.000000000000000000e+00,4.421856079101562500e+02,1.216114730834960938e+02,0.000000000000000000e+00,0.000000000000000000e+00,4.500866394042968750e+02,1.349373626708984375e+02,4.324098510742187500e+02,1.356961212158203125e+02,4.548686218261718750e+02,1.523531951904296875e+02,4.228123779296875000e+02,1.484164123535156250e+02,4.558129577636718750e+02,1.685624389648437500e+02,4.294786376953125000e+02,1.416003417968750000e+02,4.477470092773437500e+02,1.731546783447265625e+02,4.348852844238281250e+02,1.728677978515625000e+02,4.496204833984375000e+02,1.985799407958984375e+02,4.313515625000000000e+02,1.978384246826171875e+02,4.496167602539062500e+02,2.220088806152343750e+02,4.270010681152343750e+02,2.206210632324218750e+02
4.890000000000000000e+02,4.315429077148437500e+02,1.221705703735351562e+02,4.340438842773437500e+02,1.200885620117187500e+02,0.000000000000000000e+00,0.000000000000000000e+00,4.401277465820312500e+02,1.219936141967773438e+02,0.000000000000000000e+00,0.000000000000000000e+00,4.479800109863281250e+02,1.351599578857421875e+02,4.309705505371093750e+02,1.355807495117187500e+02,4.532614746093750000e+02,1.522556610107421875e+02,4.206798095703125000e+02,1.489312591552734375e+02,4.534758300781250000e+02,1.686326904296875000e+02,4.273535461425781250e+02,1.418428802490234375e+02,4.460640869140625000e+02,1.731096649169921875e+02,4.340140380859375000e+02,1.727490539550781250e+02,4.491105041503906250e+02,1.982558441162109375e+02,4.294569702148437500e+02,1.973039093017578125e+02,4.502553710937500000e+02,2.217588195800781250e+02,4.237272033691406250e+02,2.194104919433593750e+02
4.900000000000000000e+02,4.282876892089843750e+02,1.221097869873046875e+02,4.312463684082031250e+02,1.201339035034179688e+02,0.000000000000000000e+00,0.000000000000000000e+00,4.378413085937500000e+02,1.223742980957031250e+02,0.000000000000000000e+00,0.000000000000000000e+00,4.459306945800781250e+02,1.353579711914062500e+02,4.285115356445312500e+02,1.363481445312500000e+02,4.513528747558593750e+02,1.524797058105468750e+02,4.179888610839843750e+02,1.498439788818359375e+02,4.520714111328125000e+02,1.686605987548828125e+02,4.250957031250000000e+02,1.429675445556640625e+02,4.442442016601562500e+02,1.733924865722656250e+02,4.321847534179687500e+02,1.728912811279296875e+02,4.478946533203125000e+02,1.981689147949218750e+02,4.282332763671875000e+02,1.973775482177734375e+02,4.496170349121093750e+02,2.221607971191406250e+02,4.213905029296875000e+02,2.194807281494140625e+02
4.910000000000000000e+02,4.271789550781250000e+02,1.225966720581054688e+02,4.297122497558593750e+02,1.204200820922851562e+02,0.000000000000000000e+00,0.000000000000000000e+00,4.359964904785156250e+02,1.223285827636718750e+02,0.000000000000000000e+00,0.000000000000000000e+00,4.435462951660156250e+02,1.355635681152343750e+02,4.271323547363281250e+02,1.359125518798828125e+02,4.489338378906250000e+02,1.526053466796875000e+02,4.167618408203125000e+02,1.504122314453125000e+02,4.501918945312500000e+02,1.687027893066406250e+02,4.233379211425781250e+02,1.431699676513671875e+02,4.425950317382812500e+02,1.737710418701171875e+02,4.303113403320312500e+02,1.730858459472656250e+02,4.473400878906250000e+02,1.990077362060546875e+02,4.265051879882812500e+02,1.980169219970703125e+02,4.495256958007812500e+02,2.217134857177734375e+02,4.201993103027343750e+02,2.204897918701171875e+02
4.920000000000000000e+02,4.249911193847656250e+02,1.224361267089843750e+02,4.271075134277343750e+02,1.203805007934570312e+02,0.000000000000000000e+00,0.000000000000000000e+00,4.337086791992187500e+02,1.224239349365234375e+02,0.000000000000000000e+00,0.000000000000000000e+00,4.416521301269531250e+02,1.356183166503906250e+02,4.239435424804687500e+02,1.365330810546875000e+02,4.466483154296875000e+02,1.529172973632812500e+02,4.145541381835937500e+02,1.492781372070312500e+02,4.478042297363281250e+02,1.699622344970703125e+02,4.223114013671875000e+02,1.413363800048828125e+02,4.402948913574218750e+02,1.745518493652343750e+02,4.275524291992187500e+02,1.747834320068359375e+02,4.441678161621093750e+02,1.986343536376953125e+02,4.241538391113281250e+02,1.986715087890625000e+02,4.491161499023437500e+02,2.210187530517578125e+02,4.195776672363281250e+02,2.209531402587890625e+02
4.930000000000000000e+02,4.238252258300781250e+02,1.222838592529296875e+02,4.256613159179687500e+02,1.200813446044921875e+02,0.000000000000000000e+00,0.000000000000000000e+00,4.320590515136718750e+02,1.219159393310546875e+02,0.000000000000000000e+00,0.000000000000000000e+00,4.401136169433593750e+02,1.351610260009765625e+02,4.214348144531250000e+02,1.356180267333984375e+02,4.454949340820312500e+02,1.530659637451171875e+02,4.138057556152343750e+02,1.504122772216796875e+02,4.466401977539062500e+02,1.701690826416015625e+02,4.198781738281250000e+02,1.422017059326171875e+02,4.378785400390625000e+02,1.742378845214843750e+02,4.250293884277343750e+02,1.740153961181640625e+02,4.430708923339843750e+02,1.980312042236328125e+02,4.227651672363281250e+02,1.987388610839843750e+02,4.490524597167968750e+02,2.207333068847656250e+02,4.201059570312500000e+02,2.209755249023437500e+02
4.940000000000000000e+02,4.209437561035156250e+02,1.219453582763671875e+02,4.234514770507812500e+02,1.196760711669921875e+02,0.000000000000000000e+00,0.000000000000000000e+00,4.297467041015625000e+02,1.214620208740234375e+02,0.000000000000000000e+00,0.000000000000000000e+00,4.376185913085937500e+02,1.349783630371093750e+02,4.186091613769531250e+02,1.350349121093750000e+02,4.428324890136718750e+02,1.523939208984375000e+02,4.114273986816406250e+02,1.504682006835937500e+02,4.441202087402343750e+02,1.692449951171875000e+02,4.167215881347656250e+02,1.424500122070312500e+02,4.356237792968750000e+02,1.731347503662109375e+02,4.216602783203125000e+02,1.731327056884765625e+02,4.399790649414062500e+02,1.972987060546875000e+02,4.211811828613281250e+02,1.984704437255859375e+02,4.480413818359375000e+02,2.191055450439453125e+02,4.196675415039062500e+02,2.213439483642578125e+02
4.950000000000000000e+02,4.195070190429687500e+02,1.214156494140625000e+02,4.217276000976562500e+02,1.189250106811523438e+02,0.000000000000000000e+00,0.000000000000000000e+00,4.282009277343750000e+02,1.207143096923828125e+02,0.000000000000000000e+00,0.000000000000000000e+00,4.354521789550781250e+02,1.344570007324218750e+02,4.190164794921875000e+02,1.353985137939453125e+02,4.412389221191406250e+02,1.528654022216796875e+02,4.097736816406250000e+02,1.497854003906250000e+02,4.425716857910156250e+02,1.694569549560546875e+02,4.132907714843750000e+02,1.407111358642578125e+02,4.336878662109375000e+02,1.739968109130859375e+02,4.206084594726562500e+02,1.739980926513671875e+02,4.381237487792968750e+02,1.975438995361328125e+02,4.199371643066406250e+02,1.986273956298828125e+02,4.460851440429687500e+02,2.167928924560546875e+02,4.195067138671875000e+02,2.212523345947265625e+02
4.960000000000000000e+02,4.181330261230468750e+02,1.209249420166015625e+02,4.200209960937500000e+02,1.183429946899414062e+02,0.000000000000000000e+00,0.000000000000000000e+00,4.261120605468750000e+02,1.204505462646484375e+02,0.000000000000000000e+00,0.000000000000000000e+00,4.335469970703125000e+02,1.344274749755859375e+02,4.177447509765625000e+02,1.351714172363281250e+02,4.389218750000000000e+02,1.521550445556640625e+02,4.079371337890625000e+02,1.491392364501953125e+02,4.408002929687500000e+02,1.692075805664062500e+02,4.114430847167968750e+02,1.408882293701171875e+02,4.309472961425781250e+02,1.736577148437500000e+02,4.188800048828125000e+02,1.734108123779296875e+02,4.352451477050781250e+02,1.963963165283203125e+02,4.188758544921875000e+02,1.983480224609375000e+02,4.437781372070312500e+02,2.148027343750000000e+02,4.193161621093750000e+02,2.209887847900390625e+02
4.970000000000000000e+02,4.162326354980468750e+02,1.201549301147460938e+02,4.182119140625000000e+02,1.176152801513671875e+02,0.000000000000000000e+00,0.000000000000000000e+00,4.244316101074218750e+02,1.201746063232421875e+02,0.000000000000000000e+00,0.000000000000000000e+00,4.315799255371093750e+02,1.348010559082031250e+02,4.140508422851562500e+02,1.375150604248046875e+02,4.374595947265625000e+02,1.516884002685546875e+02,4.057416076660156250e+02,1.492843780517578125e+02,4.390629272460937500e+02,1.686242370605468750e+02,4.092451782226562500e+02,1.393125457763671875e+02,4.273487548828125000e+02,1.731438140869140625e+02,4.156846618652343750e+02,1.729251556396484375e+02,4.247268066406250000e+02,1.978853912353515625e+02,4.175230712890625000e+02,1.981720581054687500e+02,4.404508056640625000e+02,2.147930145263671875e+02,4.189415283203125000e+02,2.209456024169921875e+02
4.980000000000000000e+02,4.138445434570312500e+02,1.211085891723632812e+02,4.159237976074218750e+02,1.184513092041015625e+02,0.000000000000000000e+00,0.000000000000000000e+00,4.226847534179687500e+02,1.203328628540039062e+02,0.000000000000000000e+00,0.000000000000000000e+00,4.298526306152343750e+02,1.344708862304687500e+02,4.144117431640625000e+02,1.357816619873046875e+02,4.358691711425781250e+02,1.517581481933593750e+02,4.046142578125000000e+02,1.489610748291015625e+02,4.375564880371093750e+02,1.683334808349609375e+02,4.078371582031250000e+02,1.391720428466796875e+02,4.261024780273437500e+02,1.728409576416015625e+02,4.163024597167968750e+02,1.724566192626953125e+02,4.213235168457031250e+02,1.976939544677734375e+02,4.170639038085937500e+02,1.978658142089843750e+02,4.210998840332031250e+02,2.215996704101562500e+02,4.189188842773437500e+02,2.207677612304687500e+02
4.990000000000000000e+02,4.131811523437500000e+02,1.207158432006835938e+02,4.154782714843750000e+02,1.180527801513671875e+02,0.000000000000000000e+00,0.000000000000000000e+00,4.223388366699218750e+02,1.205539016723632812e+02,0.000000000000000000e+00,0.000000000000000000e+00,4.290300903320312500e+02,1.346590270996093750e+02,4.128276977539062500e+02,1.356280517578125000e+02,4.343767089843750000e+02,1.516167755126953125e+02,4.028935852050781250e+02,1.495311431884765625e+02,4.362556152343750000e+02,1.687761688232421875e+02,4.065304260253906250e+02,1.394290008544921875e+02,4.250416259765625000e+02,1.719990539550781250e+02,4.147545166015625000e+02,1.710414428710937500e+02,4.223695678710937500e+02,1.969979553222656250e+02,4.157006835937500000e+02,1.975778961181640625e+02,4.334406738281250000e+02,2.133058013916015625e+02,4.194242248535156250e+02,2.209174041748046875e+02
5.000000000000000000e+02,4.102567749023437500e+02,1.200001907348632812e+02,4.132452087402343750e+02,1.175086669921875000e+02,0.000000000000000000e+00,0.000000000000000000e+00,4.196431274414062500e+02,1.196937026977539062e+02,0.000000000000000000e+00,0.000000000000000000e+00,4.270732116699218750e+02,1.343706817626953125e+02,4.114044799804687500e+02,1.351995544433593750e+02,4.330179443359375000e+02,1.518786468505859375e+02,4.014956359863281250e+02,1.489037170410156250e+02,4.344904785156250000e+02,1.692023925781250000e+02,4.049745788574218750e+02,1.393180847167968750e+02,4.229550476074218750e+02,1.708092346191406250e+02,4.129266967773437500e+02,1.701023406982421875e+02,4.198483276367187500e+02,1.969237670898437500e+02,4.157300720214843750e+02,1.974055023193359375e+02,4.209979858398437500e+02,2.207081909179687500e+02,4.211512451171875000e+02,2.190898590087890625e+02
5.010000000000000000e+02,4.088547058105468750e+02,1.202957305908203125e+02,4.112603759765625000e+02,1.177153701782226562e+02,0.000000000000000000e+00,0.000000000000000000e+00,4.180478820800781250e+02,1.196715393066406250e+02,0.000000000000000000e+00,0.000000000000000000e+00,4.254442749023437500e+02,1.338648529052734375e+02,4.098924560546875000e+02,1.348496551513671875e+02,4.309110717773437500e+02,1.517535095214843750e+02,3.994922790527343750e+02,1.482492523193359375e+02,4.330141906738281250e+02,1.682144165039062500e+02,4.034057922363281250e+02,1.388373718261718750e+02,4.213635864257812500e+02,1.708319854736328125e+02,4.112541809082031250e+02,1.701334686279296875e+02,4.191134338378906250e+02,1.963989105224609375e+02,4.141620483398437500e+02,1.974118499755859375e+02,4.216891174316406250e+02,2.206038970947265625e+02,4.188587646484375000e+02,2.198081512451171875e+02
5.020000000000000000e+02,4.076704711914062500e+02,1.198027267456054688e+02,4.100888671875000000e+02,1.173669128417968750e+02,0.000000000000000000e+00,0.000000000000000000e+00,4.165372314453125000e+02,1.196033248901367188e+02,0.000000000000000000e+00,0.000000000000000000e+00,4.241953735351562500e+02,1.341345367431640625e+02,4.090488586425781250e+02,1.351433715820312500e+02,4.302284545898437500e+02,1.516677398681640625e+02,3.973869018554687500e+02,1.484599761962890625e+02,4.318652038574218750e+02,1.686108398437500000e+02,4.020034484863281250e+02,1.397712554931640625e+02,4.201506042480468750e+02,1.703969268798828125e+02,4.102704467773437500e+02,1.699866180419921875e+02,4.173595581054687500e+02,1.970599822998046875e+02,4.135671081542968750e+02,1.977047882080078125e+02,4.203474121093750000e+02,2.219466247558593750e+02,4.181309204101562500e+02,2.213193206787109375e+02
5.030000000000000000e+02,4.059413452148437500e+02,1.208228759765625000e+02,4.084994201660156250e+02,1.183111724853515625e+02,0.000000000000000000e+00,0.000000000000000000e+00,4.158539733886718750e+02,1.203146362304687500e+02,0.000000000000000000e+00,0.000000000000000000e+00,4.227130126953125000e+02,1.345424346923828125e+02,4.074797973632812500e+02,1.352921142578125000e+02,4.288093566894531250e+02,1.515443572998046875e+02,3.963058471679687500e+02,1.487565917968750000e+02,4.308410034179687500e+02,1.685505371093750000e+02,4.011359252929687500e+02,1.393713531494140625e+02,4.188947753906250000e+02,1.713035888671875000e+02,4.092517700195312500e+02,1.705893249511718750e+02,4.153493041992187500e+02,1.980298919677734375e+02,4.122968444824218750e+02,1.985455169677734375e+02,4.186344604492187500e+02,2.216333770751953125e+02,4.150718383789062500e+02,2.213932342529296875e+02
5.040000000000000000e+02,4.042087402343750000e+02,1.208643798828125000e+02,4.069018859863281250e+02,1.183655090332031250e+02,0.000000000000000000e+00,0.000000000000000000e+00,4.138671875000000000e+02,1.204819946289062500e+02,0.000000000000000000e+00,0.000000000000000000e+00,4.210190124511718750e+02,1.346064910888671875e+02,4.053596191406250000e+02,1.351792907714843750e+02,4.268468933105468750e+02,1.525667114257812500e+02,3.939495849609375000e+02,1.493174896240234375e+02,4.285860290527343750e+02,1.693908538818359375e+02,3.988179016113281250e+02,1.401767272949218750e+02,4.177556762695312500e+02,1.726928405761718750e+02,4.078867797851562500e+02,1.719299163818359375e+02,4.113354492187500000e+02,1.974535980224609375e+02,4.150882263183593750e+02,1.986507110595703125e+02,4.086421508789062500e+02,2.202813262939453125e+02,4.206638183593750000e+02,2.204743347167968750e+02
5.050000000000000000e+02,4.029508666992187500e+02,1.220106811523437500e+02,4.054783630371093750e+02,1.192888565063476562e+02,0.000000000000000000e+00,0.000000000000000000e+00,4.132042846679687500e+02,1.210408477783203125e+02,0.000000000000000000e+00,0.000000000000000000e+00,4.196097412109375000e+02,1.353694915771484375e+02,4.044894409179687500e+02,1.357802276611328125e+02,4.256082458496093750e+02,1.524071960449218750e+02,3.928540039062500000e+02,1.489597930908203125e+02,4.275368957519531250e+02,1.690532226562500000e+02,3.981142883300781250e+02,1.397964477539062500e+02,4.173035888671875000e+02,1.735402984619140625e+02,4.072179565429687500e+02,1.729518585205078125e+02,4.102951660156250000e+02,1.977168731689453125e+02,4.140324096679687500e+02,1.989524993896484375e+02,4.044698486328125000e+02,2.194363555908203125e+02,4.203817749023437500e+02,2.204243927001953125e+02
5.060000000000000000e+02,4.019866638183593750e+02,1.215043487548828125e+02,4.044822082519531250e+02,1.188295211791992188e+02,0.000000000000000000e+00,0.000000000000000000e+00,4.113469238281250000e+02,1.207406921386718750e+02,0.000000000000000000e+00,0.000000000000000000e+00,4.182039184570312500e+02,1.356311492919921875e+02,4.031244201660156250e+02,1.362111358642578125e+02,4.235394287109375000e+02,1.525689544677734375e+02,3.924077148437500000e+02,1.486049346923828125e+02,4.261966857910156250e+02,1.693699645996093750e+02,3.971858215332031250e+02,1.391861114501953125e+02,4.159186706542968750e+02,1.739933624267578125e+02,4.065749511718750000e+02,1.734125823974609375e+02,4.090364685058593750e+02,1.985567474365234375e+02,4.134205017089843750e+02,1.997194519042968750e+02,4.023628540039062500e+02,2.191832122802734375e+02,4.206899719238281250e+02,2.205161743164062500e+02
5.070000000000000000e+02,4.001114501953125000e+02,1.219368133544921875e+02,4.025535278320312500e+02,1.193492355346679688e+02,0.000000000000000000e+00,0.000000000000000000e+00,4.090716857910156250e+02,1.210326004028320312e+02,0.000000000000000000e+00,0.000000000000000000e+00,4.165707702636718750e+02,1.359742736816406250e+02,4.015952758789062500e+02,1.361972045898437500e+02,4.219506835937500000e+02,1.531063079833984375e+02,3.904628601074218750e+02,1.484824066162109375e+02,4.241752929687500000e+02,1.693414154052734375e+02,3.952831115722656250e+02,1.396924591064453125e+02,4.146773376464843750e+02,1.742256164550781250e+02,4.051914367675781250e+02,1.735044860839843750e+02,4.073861083984375000e+02,1.984319915771484375e+02,4.121611633300781250e+02,1.990342712402343750e+02,4.002796020507812500e+02,2.206136016845703125e+02,4.200917358398437500e+02,2.202582550048828125e+02
5.080000000000000000e+02,3.985328369140625000e+02,1.213010559082031250e+02,4.008963623046875000e+02,1.189147033691406250e+02,0.000000000000000000e+00,0.000000000000000000e+00,4.080541992187500000e+02,1.205596618652343750e+02,0.000000000000000000e+00,0.000000000000000000e+00,4.147111816406250000e+02,1.360316925048828125e+02,3.999584350585937500e+02,1.367521209716796875e+02,4.204300231933593750e+02,1.533783264160156250e+02,3.893973388671875000e+02,1.482298583984375000e+02,4.225653991699218750e+02,1.704995269775390625e+02,3.925039062500000000e+02,1.417761993408203125e+02,4.128094787597656250e+02,1.747709503173828125e+02,4.035776672363281250e+02,1.740557556152343750e+02,4.054539794921875000e+02,1.990248260498046875e+02,4.113941650390625000e+02,1.990366516113281250e+02,3.995007934570312500e+02,2.216215972900390625e+02,4.194735107421875000e+02,2.192333526611328125e+02
5.090000000000000000e+02,3.977857360839843750e+02,1.213029403686523438e+02,4.006228637695312500e+02,1.189687118530273438e+02,3.975707702636718750e+02,1.191846771240234375e+02,4.069747619628906250e+02,1.208503265380859375e+02,0.000000000000000000e+00,0.000000000000000000e+00,4.131215515136718750e+02,1.363736419677734375e+02,3.984973754882812500e+02,1.363675689697265625e+02,4.187536621093750000e+02,1.535558929443359375e+02,3.865398559570312500e+02,1.488680267333984375e+02,4.206458129882812500e+02,1.705206909179687500e+02,3.926138916015625000e+02,1.401342315673828125e+02,4.112401733398437500e+02,1.750127105712890625e+02,4.013461914062500000e+02,1.740635986328125000e+02,4.044002380371093750e+02,1.994882659912109375e+02,4.104411010742187500e+02,1.990174102783203125e+02,3.989974365234375000e+02,2.223381042480468750e+02,4.183049316406250000e+02,2.181045227050781250e+02
5.100000000000000000e+02,3.967724609375000000e+02,1.207933807373046875e+02,3.993179931640625000e+02,1.185293884277343750e+02,3.967858276367187500e+02,1.181449737548828125e+02,4.058142089843750000e+02,1.207857360839843750e+02,0.000000000000000000e+00,0.000000000000000000e+00,4.116177673339843750e+02,1.359367828369140625e+02,3.958302612304687500e+02,1.356353607177734375e+02,4.164692382812500000e+02,1.527350616455078125e+02,3.864574279785156250e+02,1.495129089355468750e+02,4.184091186523437500e+02,1.695146179199218750e+02,3.899706115722656250e+02,1.410996246337890625e+02,4.093792114257812500e+02,1.740449676513671875e+02,3.990559692382812500e+02,1.734107055664062500e+02,4.035792236328125000e+02,1.985590209960937500e+02,4.077683715820312500e+02,1.979368438720703125e+02,3.984027404785156250e+02,2.221278533935546875e+02,4.168034362792968750e+02,2.166601715087890625e+02
5.110000000000000000e+02,3.951437683105468750e+02,1.206762542724609375e+02,3.977611083984375000e+02,1.187124862670898438e+02,3.951560363769531250e+02,1.183955993652343750e+02,4.046049499511718750e+02,1.206687240600585938e+02,0.000000000000000000e+00,0.000000000000000000e+00,4.101421508789062500e+02,1.350221405029296875e+02,3.941581420898437500e+02,1.347102203369140625e+02,4.153688964843750000e+02,1.526218719482421875e+02,3.843746948242187500e+02,1.493763732910156250e+02,4.173232421875000000e+02,1.692764892578125000e+02,3.889380493164062500e+02,1.399194183349609375e+02,4.078706970214843750e+02,1.725270690917968750e+02,3.967849121093750000e+02,1.718879241943359375e+02,4.029908447265625000e+02,1.983419494628906250e+02,4.022742004394531250e+02,1.976724395751953125e+02,3.980907287597656250e+02,2.221726989746093750e+02,4.130321044921875000e+02,2.153977966308593750e+02
5.120000000000000000e+02,3.938285522460937500e+02,1.197177581787109375e+02,3.965519714355468750e+02,1.174779510498046875e+02,3.938489379882812500e+02,1.174090270996093750e+02,4.029989624023437500e+02,1.197119903564453125e+02,0.000000000000000000e+00,0.000000000000000000e+00,4.092862548828125000e+02,1.348262786865234375e+02,3.925535888671875000e+02,1.340232543945312500e+02,4.137788085937500000e+02,1.518450012207031250e+02,3.822308654785156250e+02,1.486644744873046875e+02,4.156853637695312500e+02,1.688802337646484375e+02,3.883639221191406250e+02,1.398027343750000000e+02,4.050931091308593750e+02,1.721061401367187500e+02,3.941611328125000000e+02,1.714572753906250000e+02,4.016890258789062500e+02,1.979781646728515625e+02,3.977297363281250000e+02,1.978277587890625000e+02,3.983222351074218750e+02,2.226086578369140625e+02,4.100762634277343750e+02,2.142154998779296875e+02
5.130000000000000000e+02,3.927890625000000000e+02,1.191388320922851562e+02,3.956542358398437500e+02,1.167583923339843750e+02,3.923539428710937500e+02,1.165004348754882812e+02,4.020119628906250000e+02,1.188964614868164062e+02,0.000000000000000000e+00,0.000000000000000000e+00,4.072369689941406250e+02,1.342699737548828125e+02,3.911603088378906250e+02,1.333228759765625000e+02,4.126838073730468750e+02,1.510571594238281250e+02,3.795387573242187500e+02,1.463254699707031250e+02,4.143298645019531250e+02,1.678437652587890625e+02,3.871165161132812500e+02,1.394515838623046875e+02,4.039103393554687500e+02,1.716170043945312500e+02,3.930340576171875000e+02,1.706756744384765625e+02,4.008495483398437500e+02,1.974357299804687500e+02,3.951631164550781250e+02,1.974229431152343750e+02,3.982432250976562500e+02,2.222583770751953125e+02,4.060737915039062500e+02,2.153220214843750000e+02
5.140000000000000000e+02,3.915467834472656250e+02,1.187733917236328125e+02,3.944386596679687500e+02,1.168428497314453125e+02,3.915612792968750000e+02,1.168271102905273438e+02,4.006778564453125000e+02,1.190295639038085938e+02,0.000000000000000000e+00,0.000000000000000000e+00,4.064724731445312500e+02,1.349358367919921875e+02,3.898660888671875000e+02,1.337420501708984375e+02,4.117691040039062500e+02,1.515489959716796875e+02,3.782810058593750000e+02,1.474599456787109375e+02,4.132218322753906250e+02,1.686555480957031250e+02,3.864772033691406250e+02,1.395225982666015625e+02,4.026057434082031250e+02,1.720368804931640625e+02,3.912909545898437500e+02,1.715386352539062500e+02,4.002334899902343750e+02,1.978048400878906250e+02,3.932369689941406250e+02,1.983011932373046875e+02,4.001746826171875000e+02,2.214738769531250000e+02,3.984909362792968750e+02,2.202245635986328125e+02
5.150000000000000000e+02,3.905485534667968750e+02,1.197793121337890625e+02,3.932337646484375000e+02,1.172943496704101562e+02,3.900234680175781250e+02,1.172707977294921875e+02,3.994125366210937500e+02,1.190334854125976562e+02,0.000000000000000000e+00,0.000000000000000000e+00,4.051011962890625000e+02,1.345835113525390625e+02,3.883083496093750000e+02,1.335953063964843750e+02,4.110181579589843750e+02,1.516083679199218750e+02,3.772250976562500000e+02,1.471676025390625000e+02,4.125075073242187500e+02,1.683657226562500000e+02,3.858542480468750000e+02,1.397579193115234375e+02,4.014073486328125000e+02,1.725590667724609375e+02,3.895537719726562500e+02,1.720766906738281250e+02,3.994317016601562500e+02,1.982283630371093750e+02,3.910266723632812500e+02,1.989653320312500000e+02,3.996799316406250000e+02,2.217010650634765625e+02,3.964444885253906250e+02,2.209437713623046875e+02
5.160000000000000000e+02,3.886791381835937500e+02,1.196613082885742188e+02,3.916737060546875000e+02,1.176718368530273438e+02,3.886770324707031250e+02,1.176760559082031250e+02,3.979345397949218750e+02,1.192322845458984375e+02,0.000000000000000000e+00,0.000000000000000000e+00,4.039082336425781250e+02,1.344121398925781250e+02,3.864441528320312500e+02,1.334230651855468750e+02,4.098786315917968750e+02,1.515623321533203125e+02,3.752786560058593750e+02,1.473572998046875000e+02,4.113517761230468750e+02,1.688624114990234375e+02,3.837169799804687500e+02,1.409153594970703125e+02,3.999222412109375000e+02,1.729961090087890625e+02,3.874779052734375000e+02,1.722430419921875000e+02,3.989552612304687500e+02,1.974414215087890625e+02,3.864846191406250000e+02,1.973916473388671875e+02,3.991640930175781250e+02,2.200971832275390625e+02,3.931524963378906250e+02,2.185297851562500000e+02
5.170000000000000000e+02,3.875834350585937500e+02,1.197593841552734375e+02,3.906643066406250000e+02,1.176303100585937500e+02,3.870297241210937500e+02,1.174550170898437500e+02,3.966283569335937500e+02,1.193460311889648438e+02,0.000000000000000000e+00,0.000000000000000000e+00,4.030051269531250000e+02,1.337775726318359375e+02,3.848905029296875000e+02,1.331893920898437500e+02,4.087551574707031250e+02,1.512973785400390625e+02,3.739338073730468750e+02,1.470557861328125000e+02,4.100879516601562500e+02,1.691624145507812500e+02,3.826282653808593750e+02,1.405323181152343750e+02,3.989464721679687500e+02,1.722636260986328125e+02,3.862395629882812500e+02,1.714898376464843750e+02,3.983755798339843750e+02,1.974368743896484375e+02,3.852900085449218750e+02,1.974671630859375000e+02,3.983796997070312500e+02,2.209643554687500000e+02,3.889445495605468750e+02,2.192084960937500000e+02
5.180000000000000000e+02,3.869017944335937500e+02,1.196378326416015625e+02,3.895767211914062500e+02,1.171614151000976562e+02,3.859718933105468750e+02,1.169620590209960938e+02,3.956759643554687500e+02,1.190478820800781250e+02,0.000000000000000000e+00,0.000000000000000000e+00,4.023924255371093750e+02,1.347366333007812500e+02,3.830917663574218750e+02,1.337867889404296875e+02,4.081231689453125000e+02,1.521221008300781250e+02,3.723620910644531250e+02,1.473474578857421875e+02,4.094479675292968750e+02,1.698722076416015625e+02,3.813521118164062500e+02,1.404727935791015625e+02,3.977918090820312500e+02,1.730119018554687500e+02,3.842251586914062500e+02,1.720121307373046875e+02,3.977987060546875000e+02,1.989600067138671875e+02,3.836573486328125000e+02,1.989606170654296875e+02,3.985542297363281250e+02,2.213332061767578125e+02,3.859283142089843750e+02,2.211528930664062500e+02
5.190000000000000000e+02,3.847573547363281250e+02,1.204327011108398438e+02,3.876156311035156250e+02,1.177428665161132812e+02,3.838450317382812500e+02,1.175692291259765625e+02,3.939580688476562500e+02,1.194743957519531250e+02,0.000000000000000000e+00,0.000000000000000000e+00,4.013859252929687500e+02,1.345962371826171875e+02,3.803399353027343750e+02,1.346306610107421875e+02,4.073305358886718750e+02,1.525653533935546875e+02,3.709815979003906250e+02,1.474383087158203125e+02,4.077088623046875000e+02,1.703571014404296875e+02,3.805595092773437500e+02,1.409236602783203125e+02,3.973811645507812500e+02,1.740274810791015625e+02,3.834255371093750000e+02,1.732424774169921875e+02,3.975716552734375000e+02,2.002362518310546875e+02,3.816818542480468750e+02,1.992740936279296875e+02,3.979403381347656250e+02,2.229971160888671875e+02,3.824628295898437500e+02,2.220397186279296875e+02
5.200000000000000000e+02,3.822119140625000000e+02,1.214277267456054688e+02,3.851596069335937500e+02,1.187064590454101562e+02,3.817944335937500000e+02,1.187481613159179688e+02,3.919946594238281250e+02,1.199541778564453125e+02,0.000000000000000000e+00,0.000000000000000000e+00,3.996079406738281250e+02,1.354073486328125000e+02,3.797084960937500000e+02,1.351716156005859375e+02,4.059833679199218750e+02,1.533445281982421875e+02,3.698742675781250000e+02,1.479439849853515625e+02,4.062369079589843750e+02,1.712642059326171875e+02,3.792077026367187500e+02,1.413073730468750000e+02,3.966474609375000000e+02,1.747307739257812500e+02,3.831528320312500000e+02,1.737450103759765625e+02,3.973878479003906250e+02,2.000210723876953125e+02,3.789631347656250000e+02,1.992811584472656250e+02,3.976301879882812500e+02,2.233585968017578125e+02,3.775010070800781250e+02,2.226187591552734375e+02
5.210000000000000000e+02,3.815615539550781250e+02,1.208914794921875000e+02,3.844580383300781250e+02,1.182414627075195312e+02,3.805869140625000000e+02,1.184918060302734375e+02,3.909711914062500000e+02,1.201656951904296875e+02,0.000000000000000000e+00,0.000000000000000000e+00,3.979799194335937500e+02,1.358618316650390625e+02,3.777025756835937500e+02,1.353815155029296875e+02,4.049696960449218750e+02,1.536890411376953125e+02,3.690160217285156250e+02,1.481575927734375000e+02,4.051999511718750000e+02,1.708034210205078125e+02,3.781812744140625000e+02,1.433361053466796875e+02,3.962770996093750000e+02,1.747143402099609375e+02,3.820549011230468750e+02,1.739825592041015625e+02,3.972426147460937500e+02,2.002783966064453125e+02,3.781793823242187500e+02,1.990916748046875000e+02,3.979879150390625000e+02,2.243877716064453125e+02,3.750635681152343750e+02,2.232271270751953125e+02
5.220000000000000000e+02,3.806170349121093750e+02,1.212710266113281250e+02,3.828676147460937500e+02,1.190242462158203125e+02,3.789678649902343750e+02,1.186870193481445312e+02,3.893429565429687500e+02,1.206220169067382812e+02,0.000000000000000000e+00,0.000000000000000000e+00,3.964567260742187500e+02,1.358406219482421875e+02,3.760550842285156250e+02,1.358411254882812500e+02,4.032760009765625000e+02,1.536288757324218750e+02,3.669829406738281250e+02,1.488000335693359375e+02,4.035608215332031250e+02,1.707604217529296875e+02,3.763853454589843750e+02,1.439490356445312500e+02,3.945155639648437500e+02,1.740775909423828125e+02,3.802742309570312500e+02,1.740806427001953125e+02,3.974295349121093750e+02,1.993271636962890625e+02,3.767218017578125000e+02,1.986948089599609375e+02,3.984032592773437500e+02,2.242741851806640625e+02,3.731602172851562500e+02,2.223303680419921875e+02
5.230000000000000000e+02,3.782008666992187500e+02,1.214945526123046875e+02,3.811657409667968750e+02,1.185198669433593750e+02,3.762254028320312500e+02,1.188246459960937500e+02,3.873778076171875000e+02,1.201367034912109375e+02,0.000000000000000000e+00,0.000000000000000000e+00,3.942452392578125000e+02,1.355244293212890625e+02,3.736268920898437500e+02,1.361991119384765625e+02,4.011373901367187500e+02,1.535256195068359375e+02,3.644592285156250000e+02,1.492987823486328125e+02,4.024707946777343750e+02,1.708719329833984375e+02,3.733426513671875000e+02,1.456844177246093750e+02,3.929543457031250000e+02,1.738747711181640625e+02,3.782154846191406250e+02,1.738708190917968750e+02,3.958543090820312500e+02,1.987332611083984375e+02,3.755842590332031250e+02,1.984347991943359375e+02,3.975426025390625000e+02,2.233203582763671875e+02,3.716899414062500000e+02,2.216459808349609375e+02
5.240000000000000000e+02,3.765674743652343750e+02,1.212651672363281250e+02,3.794832763671875000e+02,1.188473968505859375e+02,3.748554687500000000e+02,1.188522338867187500e+02,3.854628906250000000e+02,1.202908172607421875e+02,0.000000000000000000e+00,0.000000000000000000e+00,3.919545898437500000e+02,1.357120208740234375e+02,3.720239562988281250e+02,1.362324829101562500e+02,3.989684143066406250e+02,1.538344421386718750e+02,3.627189941406250000e+02,1.492449340820312500e+02,4.011545715332031250e+02,1.711645355224609375e+02,3.721982116699218750e+02,1.443159332275390625e+02,3.907835693359375000e+02,1.750302429199218750e+02,3.765682373046875000e+02,1.759965057373046875e+02,3.941779174804687500e+02,1.999144134521484375e+02,3.741797485351562500e+02,2.003427581787109375e+02,3.968175354003906250e+02,2.227864379882812500e+02,3.715053405761718750e+02,2.232936096191406250e+02
5.250000000000000000e+02,3.747625732421875000e+02,1.216755065917968750e+02,3.776369628906250000e+02,1.189845352172851562e+02,3.736606140136718750e+02,1.191797027587890625e+02,3.838171997070312500e+02,1.207165222167968750e+02,0.000000000000000000e+00,0.000000000000000000e+00,3.909753417968750000e+02,1.356015472412109375e+02,3.709727172851562500e+02,1.365760955810546875e+02,3.969682006835937500e+02,1.537248992919921875e+02,3.622588500976562500e+02,1.498949890136718750e+02,3.986979370117187500e+02,1.709179077148437500e+02,3.708680725097656250e+02,1.434179229736328125e+02,3.884586791992187500e+02,1.757552947998046875e+02,3.751526794433593750e+02,1.759193267822265625e+02,3.927631225585937500e+02,1.996399078369140625e+02,3.734311218261718750e+02,2.000479431152343750e+02,3.959997863769531250e+02,2.214974975585937500e+02,3.712992553710937500e+02,2.226400909423828125e+02
5.260000000000000000e+02,3.724816894531250000e+02,1.209798126220703125e+02,3.752428283691406250e+02,1.186575698852539062e+02,3.717460021972656250e+02,1.188400268554687500e+02,3.818718261718750000e+02,1.201920013427734375e+02,0.000000000000000000e+00,0.000000000000000000e+00,3.891306152343750000e+02,1.350343322753906250e+02,3.711984252929687500e+02,1.354985961914062500e+02,3.948177185058593750e+02,1.530676727294921875e+02,0.000000000000000000e+00,0.000000000000000000e+00,3.967935180664062500e+02,1.702469940185546875e+02,3.695067138671875000e+02,1.428814849853515625e+02,3.855625000000000000e+02,1.748090667724609375e+02,3.737101440429687500e+02,1.744365692138671875e+02,3.899289550781250000e+02,1.996036529541015625e+02,3.717471618652343750e+02,2.001819152832031250e+02,3.950724792480468750e+02,2.219450225830078125e+02,3.707609558105468750e+02,2.228358612060546875e+02
5.270000000000000000e+02,3.712009277343750000e+02,1.208458328247070312e+02,3.740706481933593750e+02,1.184543151855468750e+02,3.702210388183593750e+02,1.185605621337890625e+02,3.805213623046875000e+02,1.199021911621093750e+02,0.000000000000000000e+00,0.000000000000000000e+00,3.872953491210937500e+02,1.350059356689453125e+02,3.683067932128906250e+02,1.346830902099609375e+02,3.930937500000000000e+02,1.530020294189453125e+02,0.000000000000000000e+00,0.000000000000000000e+00,3.953034667968750000e+02,1.703462524414062500e+02,3.672779541015625000e+02,1.422824859619140625e+02,3.836956787109375000e+02,1.742273559570312500e+02,3.705963439941406250e+02,1.735876617431640625e+02,3.873873291015625000e+02,1.993782806396484375e+02,3.697345581054687500e+02,2.000477600097656250e+02,3.938898620605468750e+02,2.185159454345703125e+02,3.709007873535156250e+02,2.232463226318359375e+02
5.280000000000000000e+02,3.692434082031250000e+02,1.205117111206054688e+02,3.714762573242187500e+02,1.178087844848632812e+02,3.687192687988281250e+02,1.183441009521484375e+02,3.783904113769531250e+02,1.190399093627929688e+02,0.000000000000000000e+00,0.000000000000000000e+00,3.845675964355468750e+02,1.341040344238281250e+02,3.657999877929687500e+02,1.336237792968750000e+02,3.919616699218750000e+02,1.525989379882812500e+02,3.559067077636718750e+02,1.479199218750000000e+02,3.939423217773437500e+02,1.708624420166015625e+02,3.647646484375000000e+02,1.419750213623046875e+02,3.810757141113281250e+02,1.741119537353515625e+02,3.690274047851562500e+02,1.738450317382812500e+02,3.828291015625000000e+02,1.990149841308593750e+02,3.692318725585937500e+02,2.004693450927734375e+02,3.914456176757812500e+02,2.147731933593750000e+02,3.714916076660156250e+02,2.244114227294921875e+02
5.290000000000000000e+02,3.683686828613281250e+02,1.199793624877929688e+02,3.708572998046875000e+02,1.175517959594726562e+02,3.676696472167968750e+02,1.178352737426757812e+02,3.769458312988281250e+02,1.186099548339843750e+02,0.000000000000000000e+00,0.000000000000000000e+00,3.843247680664062500e+02,1.341400451660156250e+02,3.644355163574218750e+02,1.336552124023437500e+02,3.907211914062500000e+02,1.521148986816406250e+02,3.544813842773437500e+02,1.484208068847656250e+02,3.931763916015625000e+02,1.708184204101562500e+02,3.636206970214843750e+02,1.432520904541015625e+02,3.801234130859375000e+02,1.733023834228515625e+02,3.678644714355468750e+02,1.730047149658203125e+02,3.790861816406250000e+02,1.976544189453125000e+02,3.685678100585937500e+02,2.000847625732421875e+02,3.885242004394531250e+02,2.147578277587890625e+02,3.712831420898437500e+02,2.244534454345703125e+02
5.300000000000000000e+02,3.659016418457031250e+02,1.196376724243164062e+02,3.688236389160156250e+02,1.169783554077148438e+02,3.652962036132812500e+02,1.176377868652343750e+02,3.755932006835937500e+02,1.187415924072265625e+02,0.000000000000000000e+00,0.000000000000000000e+00,3.833350219726562500e+02,1.340173645019531250e+02,3.624508666992187500e+02,1.335590362548828125e+02,3.898896484375000000e+02,1.527338409423828125e+02,3.536123657226562500e+02,1.478519592285156250e+02,3.925890502929687500e+02,1.694691009521484375e+02,3.631851196289062500e+02,1.413632659912109375e+02,3.792167968750000000e+02,1.731261749267578125e+02,3.663591308593750000e+02,1.728419799804687500e+02,3.782142639160156250e+02,1.974861145019531250e+02,3.679948730468750000e+02,1.998052520751953125e+02,3.851450805664062500e+02,2.152538452148437500e+02,3.711460571289062500e+02,2.235551757812500000e+02
5.310000000000000000e+02,3.647858276367187500e+02,1.191642761230468750e+02,3.678442993164062500e+02,1.171242218017578125e+02,3.644918518066406250e+02,1.172941818237304688e+02,3.753072204589843750e+02,1.191777954101562500e+02,0.000000000000000000e+00,0.000000000000000000e+00,3.817755432128906250e+02,1.341170959472656250e+02,3.614369812011718750e+02,1.334057617187500000e+02,3.888532104492187500e+02,1.524157867431640625e+02,3.516436767578125000e+02,1.476277160644531250e+02,3.915484619140625000e+02,1.696767578125000000e+02,3.617571105957031250e+02,1.415509948730468750e+02,3.780058288574218750e+02,1.726509094238281250e+02,3.651550292968750000e+02,1.723120269775390625e+02,3.776983642578125000e+02,1.970957031250000000e+02,3.671723022460937500e+02,1.991296691894531250e+02,3.820902709960937500e+02,2.153939666748046875e+02,3.705880737304687500e+02,2.235314178466796875e+02
5.320000000000000000e+02,3.637822570800781250e+02,1.197584533691406250e+02,3.668116149902343750e+02,1.170622711181640625e+02,3.634794311523437500e+02,1.170610961914062500e+02,3.741815185546875000e+02,1.193888244628906250e+02,0.000000000000000000e+00,0.000000000000000000e+00,3.805902404785156250e+02,1.341274108886718750e+02,3.612103271484375000e+02,1.334856872558593750e+02,3.872730102539062500e+02,1.521529998779296875e+02,3.501321411132812500e+02,1.474525604248046875e+02,3.895270690917968750e+02,1.692223510742187500e+02,3.601424560546875000e+02,1.408288574218750000e+02,3.768981933593750000e+02,1.728464508056640625e+02,3.638626708984375000e+02,1.728496704101562500e+02,3.755429077148437500e+02,1.982656860351562500e+02,3.664943237304687500e+02,1.989369506835937500e+02,3.782026367187500000e+02,2.204063262939453125e+02,3.705180053710937500e+02,2.220274047851562500e+02
5.330000000000000000e+02,3.636976013183593750e+02,1.197992401123046875e+02,3.670360717773437500e+02,1.167709579467773438e+02,3.627194824218750000e+02,1.167753906250000000e+02,3.741126098632812500e+02,1.194637451171875000e+02,0.000000000000000000e+00,0.000000000000000000e+00,3.794632568359375000e+02,1.339034576416015625e+02,3.593035888671875000e+02,1.332424011230468750e+02,3.861825256347656250e+02,1.520406036376953125e+02,3.502630004882812500e+02,1.473387298583984375e+02,3.891629943847656250e+02,1.701891326904296875e+02,3.603448486328125000e+02,1.402718658447265625e+02,3.767740478515625000e+02,1.731933441162109375e+02,3.633391113281250000e+02,1.734911956787109375e+02,3.751075134277343750e+02,1.990419464111328125e+02,3.660136718750000000e+02,1.990312957763671875e+02,3.761123657226562500e+02,2.225876617431640625e+02,3.700567016601562500e+02,2.218802947998046875e+02
5.340000000000000000e+02,3.624909667968750000e+02,1.191094284057617188e+02,3.654193115234375000e+02,1.165639190673828125e+02,3.613611755371093750e+02,1.163989410400390625e+02,3.718367309570312500e+02,1.189043579101562500e+02,0.000000000000000000e+00,0.000000000000000000e+00,3.780148925781250000e+02,1.334499053955078125e+02,3.576626281738281250e+02,1.330753936767578125e+02,3.852438049316406250e+02,1.518903808593750000e+02,3.487295837402343750e+02,1.470544433593750000e+02,3.879067382812500000e+02,1.701790618896484375e+02,3.586139221191406250e+02,1.406402740478515625e+02,3.745432739257812500e+02,1.730558624267578125e+02,3.623488159179687500e+02,1.730621795654296875e+02,3.727831726074218750e+02,1.992945709228515625e+02,3.650045776367187500e+02,1.988926849365234375e+02,3.731594848632812500e+02,2.227967224121093750e+02,3.687238464355468750e+02,2.222147979736328125e+02
5.350000000000000000e+02,3.625717773437500000e+02,1.196190338134765625e+02,3.652233581542968750e+02,1.167838211059570312e+02,3.608973388671875000e+02,1.170170516967773438e+02,3.708982849121093750e+02,1.192136535644531250e+02,0.000000000000000000e+00,0.000000000000000000e+00,3.772825622558593750e+02,1.337161254882812500e+02,3.564108276367187500e+02,1.337503204345703125e+02,3.840780639648437500e+02,1.523475799560546875e+02,3.473460388183593750e+02,1.478437194824218750e+02,3.874591369628906250e+02,1.700637969970703125e+02,3.580977172851562500e+02,1.408853454589843750e+02,3.741298217773437500e+02,1.727283782958984375e+02,3.620627441406250000e+02,1.725202636718750000e+02,3.713152160644531250e+02,1.990205383300781250e+02,3.646898498535156250e+02,1.994286346435546875e+02,3.718412170410156250e+02,2.223894195556640625e+02,3.676867675781250000e+02,2.224402618408203125e+02
5.360000000000000000e+02,3.611009521484375000e+02,1.199733276367187500e+02,3.639151000976562500e+02,1.175700302124023438e+02,3.596184082031250000e+02,1.175725708007812500e+02,3.694776916503906250e+02,1.195951232910156250e+02,0.000000000000000000e+00,0.000000000000000000e+00,3.761344604492187500e+02,1.341167144775390625e+02,3.555198974609375000e+02,1.342745361328125000e+02,3.830144958496093750e+02,1.526192169189453125e+02,3.471132812500000000e+02,1.476309051513671875e+02,3.865399780273437500e+02,1.704638366699218750e+02,3.564460449218750000e+02,1.414938201904296875e+02,3.731630859375000000e+02,1.724006500244140625e+02,3.605687561035156250e+02,1.727378082275390625e+02,3.709967956542968750e+02,1.991032104492187500e+02,3.644921875000000000e+02,1.996496429443359375e+02,3.718882446289062500e+02,2.225297241210937500e+02,3.659558715820312500e+02,2.221345977783203125e+02
5.370000000000000000e+02,3.595210876464843750e+02,1.203523788452148438e+02,3.623435974121093750e+02,1.178003082275390625e+02,3.581499328613281250e+02,1.178166580200195312e+02,3.684398803710937500e+02,1.192016906738281250e+02,0.000000000000000000e+00,0.000000000000000000e+00,3.749347534179687500e+02,1.341797637939453125e+02,3.548632202148437500e+02,1.343716430664062500e+02,3.819722290039062500e+02,1.535513458251953125e+02,3.468561401367187500e+02,1.479578247070312500e+02,3.852571105957031250e+02,1.715436553955078125e+02,3.547922973632812500e+02,1.422979278564453125e+02,3.724187316894531250e+02,1.732069854736328125e+02,3.595756835937500000e+02,1.729912261962890625e+02,3.705589904785156250e+02,2.003538818359375000e+02,3.640428466796875000e+02,2.003181762695312500e+02,3.705412292480468750e+02,2.230092010498046875e+02,3.646784362792968750e+02,2.230080413818359375e+02
5.380000000000000000e+02,3.582778015136718750e+02,1.209421691894531250e+02,3.613735351562500000e+02,1.183455276489257812e+02,3.573310241699218750e+02,1.183596954345703125e+02,3.677137451171875000e+02,1.204562911987304688e+02,0.000000000000000000e+00,0.000000000000000000e+00,3.740410766601562500e+02,1.345747680664062500e+02,3.542695922851562500e+02,1.345712432861328125e+02,3.810687255859375000e+02,1.538099060058593750e+02,3.454360961914062500e+02,1.482280426025390625e+02,3.841699829101562500e+02,1.719322814941406250e+02,3.544882507324218750e+02,1.418884582519531250e+02,3.719348754882812500e+02,1.740942077636718750e+02,3.590324707031250000e+02,1.740764770507812500e+02,3.698381958007812500e+02,2.008840026855468750e+02,3.642011718750000000e+02,2.013232879638671875e+02,3.705270080566406250e+02,2.229507446289062500e+02,3.649285278320312500e+02,2.231836700439453125e+02
5.390000000000000000e+02,3.577974243164062500e+02,1.209003601074218750e+02,3.606010742187500000e+02,1.183610839843750000e+02,3.565857849121093750e+02,1.183652496337890625e+02,3.668667602539062500e+02,1.204246139526367188e+02,0.000000000000000000e+00,0.000000000000000000e+00,3.728830566406250000e+02,1.347734527587890625e+02,3.532358093261718750e+02,1.350393524169921875e+02,3.800340576171875000e+02,1.532926025390625000e+02,3.450783691406250000e+02,1.482866668701171875e+02,3.835081176757812500e+02,1.718320922851562500e+02,3.528367919921875000e+02,1.424973907470703125e+02,3.709907226562500000e+02,1.741830444335937500e+02,3.580532226562500000e+02,1.741601104736328125e+02,3.682832031250000000e+02,2.005315551757812500e+02,3.641228942871093750e+02,2.009980163574218750e+02,3.667046508789062500e+02,2.232354583740234375e+02,3.672864074707031250e+02,2.227702789306640625e+02
5.400000000000000000e+02,3.573743286132812500e+02,1.203779907226562500e+02,3.600788574218750000e+02,1.179229736328125000e+02,3.561160278320312500e+02,1.176574249267578125e+02,3.660208129882812500e+02,1.203786773681640625e+02,0.000000000000000000e+00,0.000000000000000000e+00,3.724522094726562500e+02,1.352371673583984375e+02,3.521787109375000000e+02,1.347561798095703125e+02,3.793966369628906250e+02,1.535212249755859375e+02,3.422443237304687500e+02,1.483323364257812500e+02,3.818626098632812500e+02,1.715898742675781250e+02,3.526231079101562500e+02,1.409425506591796875e+02,3.697339477539062500e+02,1.745697174072265625e+02,3.568994750976562500e+02,1.745393371582031250e+02,3.682850646972656250e+02,2.003055572509765625e+02,3.622965698242187500e+02,2.007807159423828125e+02,3.673889770507812500e+02,2.226486968994140625e+02,3.646867065429687500e+02,2.225586853027343750e+02
5.410000000000000000e+02,3.563139953613281250e+02,1.206700592041015625e+02,3.590209350585937500e+02,1.179553604125976562e+02,3.550448608398437500e+02,1.179261474609375000e+02,3.649660034179687500e+02,1.199260025024414062e+02,0.000000000000000000e+00,0.000000000000000000e+00,3.714008789062500000e+02,1.350209197998046875e+02,3.516337280273437500e+02,1.347665100097656250e+02,3.780988769531250000e+02,1.535656433105468750e+02,3.414500427246093750e+02,1.478551788330078125e+02,3.807869262695312500e+02,1.715988922119140625e+02,3.516041564941406250e+02,1.404366455078125000e+02,3.686811218261718750e+02,1.743631744384765625e+02,3.558318786621093750e+02,1.741050872802734375e+02,3.662704772949218750e+02,2.005485687255859375e+02,3.609631347656250000e+02,2.005845947265625000e+02,3.645602722167968750e+02,2.233061828613281250e+02,3.654812316894531250e+02,2.214201354980468750e+02
5.420000000000000000e+02,3.557979125976562500e+02,1.206121826171875000e+02,3.586719665527343750e+02,1.179535675048828125e+02,3.546188964843750000e+02,1.179322586059570312e+02,3.650143127441406250e+02,1.196317749023437500e+02,0.000000000000000000e+00,0.000000000000000000e+00,3.713358154296875000e+02,1.347170562744140625e+02,3.519672851562500000e+02,1.347173767089843750e+02,3.774289550781250000e+02,1.536315155029296875e+02,3.409577636718750000e+02,1.480764465332031250e+02,3.801090698242187500e+02,1.718716278076171875e+02,3.504407653808593750e+02,1.400673675537109375e+02,3.688857421875000000e+02,1.740768280029296875e+02,3.560468750000000000e+02,1.738055877685546875e+02,3.673094177246093750e+02,2.003404693603515625e+02,3.594075012207031250e+02,2.008173065185546875e+02,3.666452026367187500e+02,2.214242858886718750e+02,3.634883117675781250e+02,2.215192718505859375e+02
5.430000000000000000e+02,3.549751586914062500e+02,1.201123275756835938e+02,3.578882751464843750e+02,1.173838882446289062e+02,3.536376647949218750e+02,1.173734130859375000e+02,3.637374572753906250e+02,1.187540054321289062e+02,0.000000000000000000e+00,0.000000000000000000e+00,3.707088012695312500e+02,1.343004455566406250e+02,3.507848510742187500e+02,1.343407135009765625e+02,3.765669555664062500e+02,1.531699676513671875e+02,3.394516296386718750e+02,1.479241790771484375e+02,3.782970886230468750e+02,1.713891754150390625e+02,3.495550842285156250e+02,1.391498870849609375e+02,3.676230468750000000e+02,1.753041534423828125e+02,3.546345520019531250e+02,1.744930877685546875e+02,3.655143432617187500e+02,2.017359619140625000e+02,3.565592346191406250e+02,2.011180572509765625e+02,3.649817810058593750e+02,2.233553466796875000e+02,3.612580261230468750e+02,2.210135498046875000e+02
5.440000000000000000e+02,3.542231140136718750e+02,1.197702255249023438e+02,3.571376342773437500e+02,1.176350784301757812e+02,3.530380249023437500e+02,1.174343795776367188e+02,3.631844482421875000e+02,1.184199905395507812e+02,0.000000000000000000e+00,0.000000000000000000e+00,3.702484130859375000e+02,1.338339385986328125e+02,3.495191650390625000e+02,1.336772918701171875e+02,3.756892089843750000e+02,1.525498504638671875e+02,3.393766174316406250e+02,1.474696655273437500e+02,3.774427490234375000e+02,1.705199584960937500e+02,3.493586730957031250e+02,1.391086273193359375e+02,3.668893737792968750e+02,1.738421478271484375e+02,3.538347167968750000e+02,1.738492584228515625e+02,3.645545654296875000e+02,2.004074249267578125e+02,3.544276428222656250e+02,1.993909301757812500e+02,3.631860961914062500e+02,2.227574462890625000e+02,3.611138305664062500e+02,2.178711547851562500e+02
5.450000000000000000e+02,3.533862915039062500e+02,1.200939178466796875e+02,3.561754760742187500e+02,1.171178588867187500e+02,3.518941345214843750e+02,1.171353149414062500e+02,3.624206237792968750e+02,1.185930480957031250e+02,0.000000000000000000e+00,0.000000000000000000e+00,3.694400024414062500e+02,1.340881805419921875e+02,3.481618652343750000e+02,1.334488067626953125e+02,3.750209045410156250e+02,1.525768280029296875e+02,3.377246093750000000e+02,1.473632049560546875e+02,3.766497192382812500e+02,1.703732452392578125e+02,3.481904907226562500e+02,1.391620483398437500e+02,3.654884338378906250e+02,1.743996734619140625e+02,3.517932434082031250e+02,1.741955261230468750e+02,3.640394897460937500e+02,2.000303802490234375e+02,3.494364624023437500e+02,1.978777618408203125e+02,3.620588378906250000e+02,2.226503753662109375e+02,3.602958679199218750e+02,2.178085632324218750e+02
5.460000000000000000e+02,3.529815063476562500e+02,1.198659210205078125e+02,3.556010742187500000e+02,1.170838623046875000e+02,3.510054016113281250e+02,1.170817337036132812e+02,3.613373718261718750e+02,1.182461090087890625e+02,0.000000000000000000e+00,0.000000000000000000e+00,3.685578308105468750e+02,1.334759521484375000e+02,3.468965759277343750e+02,1.334787750244140625e+02,3.742750549316406250e+02,1.520104522705078125e+02,3.372667236328125000e+02,1.469169158935546875e+02,3.757565917968750000e+02,1.700324707031250000e+02,3.467806091308593750e+02,1.395445251464843750e+02,3.646184082031250000e+02,1.733441467285156250e+02,3.501924133300781250e+02,1.736411743164062500e+02,3.636281738281250000e+02,1.989132232666015625e+02,3.470221557617187500e+02,1.957496337890625000e+02,3.615999450683593750e+02,2.229513854980468750e+02,3.578670959472656250e+02,2.182120819091796875e+02
5.470000000000000000e+02,3.515538940429687500e+02,1.196946411132812500e+02,3.543094787597656250e+02,1.167593078613281250e+02,3.499109802246093750e+02,1.170985260009765625e+02,3.598305969238281250e+02,1.179179077148437500e+02,0.000000000000000000e+00,0.000000000000000000e+00,3.674821777343750000e+02,1.331799316406250000e+02,3.456615295410156250e+02,1.330442199707031250e+02,3.733197631835937500e+02,1.520607910156250000e+02,3.362453308105468750e+02,1.460326995849609375e+02,3.755802307128906250e+02,1.702628173828125000e+02,3.468351440429687500e+02,1.376937408447265625e+02,3.642092895507812500e+02,1.731840667724609375e+02,3.490741271972656250e+02,1.734981994628906250e+02,3.632649536132812500e+02,1.986979827880859375e+02,3.453194274902343750e+02,1.947835845947265625e+02,3.622618713378906250e+02,2.221253814697265625e+02,3.554066467285156250e+02,2.199730682373046875e+02
5.480000000000000000e+02,3.504122619628906250e+02,1.197480926513671875e+02,3.528320312500000000e+02,1.167997512817382812e+02,3.485895080566406250e+02,1.167932739257812500e+02,3.585449523925781250e+02,1.177826690673828125e+02,0.000000000000000000e+00,0.000000000000000000e+00,3.663605041503906250e+02,1.327784271240234375e+02,3.443952636718750000e+02,1.329797821044921875e+02,3.730123901367187500e+02,1.524646301269531250e+02,3.351284179687500000e+02,1.460370788574218750e+02,3.749677734375000000e+02,1.703476409912109375e+02,3.456869201660156250e+02,1.386168060302734375e+02,3.630700073242187500e+02,1.736980285644531250e+02,3.473283691406250000e+02,1.736948699951171875e+02,3.628011779785156250e+02,1.999094696044921875e+02,3.450327758789062500e+02,1.976996154785156250e+02,3.616214599609375000e+02,2.232750549316406250e+02,3.529958496093750000e+02,2.199014434814453125e+02
5.490000000000000000e+02,3.492239990234375000e+02,1.194576721191406250e+02,3.519676513671875000e+02,1.167635040283203125e+02,3.479048156738281250e+02,1.167691497802734375e+02,3.570595397949218750e+02,1.177914428710937500e+02,0.000000000000000000e+00,0.000000000000000000e+00,3.648569641113281250e+02,1.327087707519531250e+02,3.431358032226562500e+02,1.330442962646484375e+02,3.716282348632812500e+02,1.517089843750000000e+02,3.333044433593750000e+02,1.449453277587890625e+02,3.740259094238281250e+02,1.693279571533203125e+02,3.451650695800781250e+02,1.387479553222656250e+02,3.607725830078125000e+02,1.727257995605468750e+02,3.468739624023437500e+02,1.727281646728515625e+02,3.611439208984375000e+02,1.998624420166015625e+02,3.441488037109375000e+02,1.985136260986328125e+02,3.607845458984375000e+02,2.232712707519531250e+02,3.489156494140625000e+02,2.205646209716796875e+02
5.500000000000000000e+02,3.486999206542968750e+02,1.196333618164062500e+02,3.510789489746093750e+02,1.168807220458984375e+02,3.466410827636718750e+02,1.175755386352539062e+02,3.569330444335937500e+02,1.179371795654296875e+02,0.000000000000000000e+00,0.000000000000000000e+00,3.644628906250000000e+02,1.330040435791015625e+02,3.421877136230468750e+02,1.326574401855468750e+02,3.713023986816406250e+02,1.515026092529296875e+02,3.332474670410156250e+02,1.453076629638671875e+02,3.733625183105468750e+02,1.689596405029296875e+02,3.436603393554687500e+02,1.394128723144531250e+02,3.606892395019531250e+02,1.730743103027343750e+02,3.463037414550781250e+02,1.724029998779296875e+02,3.606837768554687500e+02,2.008243560791015625e+02,3.435559692382812500e+02,1.987664031982421875e+02,3.599931030273437500e+02,2.247919158935546875e+02,3.466411743164062500e+02,2.227354583740234375e+02
5.510000000000000000e+02,3.470079040527343750e+02,1.206297149658203125e+02,3.494766235351562500e+02,1.181700744628906250e+02,3.452729187011718750e+02,1.181838760375976562e+02,3.554128417968750000e+02,1.188921813964843750e+02,0.000000000000000000e+00,0.000000000000000000e+00,3.630912475585937500e+02,1.332242279052734375e+02,3.407397766113281250e+02,1.335886688232421875e+02,3.697449951171875000e+02,1.521152496337890625e+02,3.316299133300781250e+02,1.464895172119140625e+02,3.718380126953125000e+02,1.699350585937500000e+02,3.404254760742187500e+02,1.397503204345703125e+02,3.599431152343750000e+02,1.737774047851562500e+02,3.449144287109375000e+02,1.734204254150390625e+02,3.602874755859375000e+02,2.014164581298828125e+02,3.428123168945312500e+02,2.003485717773437500e+02,3.596029357910156250e+02,2.251671295166015625e+02,3.438546752929687500e+02,2.241489410400390625e+02
5.520000000000000000e+02,3.452108764648437500e+02,1.207247695922851562e+02,3.476554260253906250e+02,1.182962188720703125e+02,3.431177062988281250e+02,1.182974853515625000e+02,3.535539550781250000e+02,1.189844741821289062e+02,0.000000000000000000e+00,0.000000000000000000e+00,3.611936340332031250e+02,1.339510345458984375e+02,3.382455749511718750e+02,1.332579193115234375e+02,3.684974060058593750e+02,1.520212554931640625e+02,3.285479125976562500e+02,1.468024749755859375e+02,3.705806884765625000e+02,1.704478302001953125e+02,3.403245849609375000e+02,1.402266998291015625e+02,3.591025390625000000e+02,1.731919708251953125e+02,3.445176696777343750e+02,1.728620452880859375e+02,3.598144531250000000e+02,2.010158233642578125e+02,3.420710754394531250e+02,2.003238067626953125e+02,3.594524536132812500e+02,2.243266143798828125e+02,3.410386962890625000e+02,2.250123596191406250e+02
5.530000000000000000e+02,3.445528564453125000e+02,1.207346801757812500e+02,3.469243774414062500e+02,1.183704147338867188e+02,3.427973327636718750e+02,1.183997192382812500e+02,3.522437133789062500e+02,1.187790603637695312e+02,0.000000000000000000e+00,0.000000000000000000e+00,3.602973632812500000e+02,1.335170593261718750e+02,3.381013488769531250e+02,1.331665039062500000e+02,3.675654296875000000e+02,1.523973999023437500e+02,3.286099853515625000e+02,1.461129455566406250e+02,3.695399780273437500e+02,1.703050079345703125e+02,3.396875915527343750e+02,1.404211273193359375e+02,3.584954833984375000e+02,1.738531799316406250e+02,3.441858825683593750e+02,1.734325714111328125e+02,3.595318603515625000e+02,2.015736541748046875e+02,3.420111999511718750e+02,2.009722747802734375e+02,3.603182067871093750e+02,2.252006988525390625e+02,3.400429077148437500e+02,2.251999511718750000e+02
5.540000000000000000e+02,3.437129516601562500e+02,1.209998626708984375e+02,3.458608398437500000e+02,1.182408981323242188e+02,3.413408203125000000e+02,1.184564743041992188e+02,3.505726928710937500e+02,1.190239181518554688e+02,3.390020446777343750e+02,1.198189926147460938e+02,3.584022827148437500e+02,1.333344879150390625e+02,3.366509704589843750e+02,1.335585174560546875e+02,3.664615478515625000e+02,1.525482177734375000e+02,3.266448364257812500e+02,1.468861694335937500e+02,3.682075195312500000e+02,1.704169464111328125e+02,3.376412048339843750e+02,1.406152191162109375e+02,3.574213562011718750e+02,1.735450744628906250e+02,3.429279479980468750e+02,1.735111694335937500e+02,3.588223876953125000e+02,2.020029602050781250e+02,3.411659851074218750e+02,2.018123626708984375e+02,3.595415039062500000e+02,2.253633575439453125e+02,3.385972290039062500e+02,2.250032348632812500e+02
5.550000000000000000e+02,3.419807739257812500e+02,1.214098129272460938e+02,3.445063781738281250e+02,1.188839797973632812e+02,3.397852783203125000e+02,1.192659378051757812e+02,3.490030822753906250e+02,1.194905853271484375e+02,3.370758361816406250e+02,1.206592941284179688e+02,3.566270141601562500e+02,1.339503021240234375e+02,3.347037963867187500e+02,1.341266326904296875e+02,3.648452758789062500e+02,1.527236480712890625e+02,3.247361755371093750e+02,1.470497436523437500e+02,3.671747436523437500e+02,1.709002990722656250e+02,3.357134094238281250e+02,1.402189941406250000e+02,3.562337036132812500e+02,1.752060394287109375e+02,3.411741027832031250e+02,1.756048126220703125e+02,3.578181152343750000e+02,2.029809265136718750e+02,3.402070617675781250e+02,2.031768035888671875e+02,3.597479858398437500e+02,2.256954345703125000e+02,3.380588989257812500e+02,2.264412536621093750e+02
5.560000000000000000e+02,3.406566162109375000e+02,1.216424255371093750e+02,3.427364807128906250e+02,1.186165924072265625e+02,3.384024963378906250e+02,1.191908187866210938e+02,3.472777404785156250e+02,1.199186859130859375e+02,3.354057006835937500e+02,1.208712234497070312e+02,3.549762878417968750e+02,1.340521392822265625e+02,3.327095336914062500e+02,1.344535064697265625e+02,3.633430175781250000e+02,1.527416534423828125e+02,3.230166015625000000e+02,1.470443267822265625e+02,3.659627380371093750e+02,1.714381866455078125e+02,3.338539428710937500e+02,1.403942871093750000e+02,3.548117675781250000e+02,1.759678649902343750e+02,3.395419311523437500e+02,1.761482086181640625e+02,3.565436706542968750e+02,2.029367218017578125e+02,3.389699707031250000e+02,2.034999237060546875e+02,3.595550231933593750e+02,2.252116546630859375e+02,3.379949340820312500e+02,2.263567962646484375e+02
5.570000000000000000e+02,3.390305175781250000e+02,1.216533813476562500e+02,3.415773010253906250e+02,1.187620849609375000e+02,3.364416503906250000e+02,1.194133071899414062e+02,3.454665527343750000e+02,1.193987579345703125e+02,3.329934387207031250e+02,1.203150024414062500e+02,3.540773010253906250e+02,1.341435546875000000e+02,3.302874145507812500e+02,1.348463592529296875e+02,3.621056518554687500e+02,1.536799163818359375e+02,3.213975219726562500e+02,1.473315429687500000e+02,3.646627502441406250e+02,1.722717437744140625e+02,3.316825256347656250e+02,1.402079315185546875e+02,3.534281311035156250e+02,1.764759979248046875e+02,3.383946838378906250e+02,1.767714996337890625e+02,3.554027404785156250e+02,2.027555389404296875e+02,3.380609741210937500e+02,2.037402191162109375e+02,3.592073974609375000e+02,2.248850860595703125e+02,3.377683715820312500e+02,2.264581756591796875e+02
5.580000000000000000e+02,3.370520019531250000e+02,1.212677307128906250e+02,3.399204711914062500e+02,1.181225738525390625e+02,3.345427551269531250e+02,1.187579269409179688e+02,3.433927307128906250e+02,1.190738372802734375e+02,3.310413818359375000e+02,1.200277786254882812e+02,3.525644531250000000e+02,1.339738006591796875e+02,3.281590270996093750e+02,1.336935882568359375e+02,3.601530761718750000e+02,1.535317077636718750e+02,3.201906433105468750e+02,1.465164184570312500e+02,3.630246582031250000e+02,1.718920440673828125e+02,3.297562866210937500e+02,1.387094573974609375e+02,3.516085510253906250e+02,1.757034606933593750e+02,3.373820800781250000e+02,1.763188629150390625e+02,3.535310363769531250e+02,2.025240936279296875e+02,3.377174987792968750e+02,2.034783172607421875e+02,3.592766113281250000e+02,2.238067779541015625e+02,3.373600463867187500e+02,2.266400299072265625e+02
5.590000000000000000e+02,3.357606201171875000e+02,1.205285415649414062e+02,3.381019287109375000e+02,1.175704727172851562e+02,3.330101013183593750e+02,1.182231597900390625e+02,3.418380126953125000e+02,1.188538055419921875e+02,3.292766723632812500e+02,1.203080139160156250e+02,3.507597045898437500e+02,1.334542388916015625e+02,3.258458251953125000e+02,1.348536071777343750e+02,3.586906433105468750e+02,1.535083465576171875e+02,3.186555786132812500e+02,1.461915283203125000e+02,3.619070434570312500e+02,1.723779907226562500e+02,3.291343994140625000e+02,1.385891571044921875e+02,3.495232238769531250e+02,1.758389587402343750e+02,3.349121398925781250e+02,1.758301239013671875e+02,3.527575073242187500e+02,2.028364868164062500e+02,3.368582153320312500e+02,2.036143798828125000e+02,3.584379882812500000e+02,2.239574127197265625e+02,3.368606262207031250e+02,2.272169647216796875e+02
5.600000000000000000e+02,3.342679138183593750e+02,1.201175231933593750e+02,3.361761779785156250e+02,1.175703735351562500e+02,3.316357421875000000e+02,1.181014556884765625e+02,3.404385681152343750e+02,1.181568069458007812e+02,3.280119018554687500e+02,1.200584411621093750e+02,3.491339721679687500e+02,1.332649230957031250e+02,3.258799438476562500e+02,1.338862609863281250e+02,3.572493896484375000e+02,1.527191619873046875e+02,3.168515625000000000e+02,1.455640716552734375e+02,3.604509277343750000e+02,1.714458770751953125e+02,3.284060363769531250e+02,1.378790740966796875e+02,3.468752136230468750e+02,1.753874053955078125e+02,3.331021118164062500e+02,1.755910491943359375e+02,3.493555908203125000e+02,2.019484710693359375e+02,3.347503051757812500e+02,2.031389465332031250e+02,3.569882812500000000e+02,2.212351531982421875e+02,3.370987854003906250e+02,2.266504516601562500e+02
5.610000000000000000e+02,3.327943420410156250e+02,1.196688537597656250e+02,3.349532165527343750e+02,1.169571228027343750e+02,3.299262084960937500e+02,1.175452270507812500e+02,3.389924621582031250e+02,1.181230621337890625e+02,3.262412719726562500e+02,1.198339843750000000e+02,3.475889282226562500e+02,1.329375152587890625e+02,3.248236389160156250e+02,1.339035644531250000e+02,3.559797668457031250e+02,1.520423278808593750e+02,3.160060729980468750e+02,1.459573211669921875e+02,3.592783203125000000e+02,1.707702789306640625e+02,3.271254882812500000e+02,1.374250030517578125e+02,3.456275024414062500e+02,1.752643585205078125e+02,3.317934875488281250e+02,1.752346343994140625e+02,3.479835205078125000e+02,2.013560333251953125e+02,3.339335632324218750e+02,2.030874633789062500e+02,3.552186279296875000e+02,2.201178588867187500e+02,3.370622863769531250e+02,2.269017944335937500e+02
5.620000000000000000e+02,3.316893920898437500e+02,1.196907958984375000e+02,3.336774902343750000e+02,1.168014221191406250e+02,3.288189392089843750e+02,1.172057952880859375e+02,3.382030639648437500e+02,1.177649536132812500e+02,3.252803955078125000e+02,1.196796264648437500e+02,3.462087402343750000e+02,1.325974884033203125e+02,3.236631469726562500e+02,1.338815155029296875e+02,3.550258178710937500e+02,1.517391815185546875e+02,3.151486511230468750e+02,1.460475769042968750e+02,3.577051391601562500e+02,1.700932617187500000e+02,3.260416259765625000e+02,1.388349304199218750e+02,3.444764709472656250e+02,1.740897979736328125e+02,3.307854309082031250e+02,1.746339874267578125e+02,3.470406494140625000e+02,1.999436035156250000e+02,3.336945190429687500e+02,2.022752227783203125e+02,3.530671081542968750e+02,2.202436065673828125e+02,3.372315673828125000e+02,2.259354705810546875e+02
5.630000000000000000e+02,3.300003662109375000e+02,1.192056732177734375e+02,3.319266967773437500e+02,1.170049972534179688e+02,3.271052246093750000e+02,1.171022720336914062e+02,3.363927612304687500e+02,1.170406494140625000e+02,3.236220092773437500e+02,1.195644302368164062e+02,3.442710266113281250e+02,1.324295196533203125e+02,3.226188049316406250e+02,1.344384918212890625e+02,3.531718750000000000e+02,1.512170257568359375e+02,3.146618041992187500e+02,1.466083526611328125e+02,3.562535400390625000e+02,1.696760711669921875e+02,3.216499633789062500e+02,1.424767150878906250e+02,3.411733398437500000e+02,1.734563446044921875e+02,3.288738708496093750e+02,1.741140747070312500e+02,3.419123229980468750e+02,1.993927459716796875e+02,3.313025512695312500e+02,2.008062744140625000e+02,3.487156982421875000e+02,2.212682342529296875e+02,3.367554016113281250e+02,2.255131988525390625e+02
5.640000000000000000e+02,3.285148925781250000e+02,1.195684509277343750e+02,3.308706970214843750e+02,1.165007019042968750e+02,3.260708312988281250e+02,1.174635086059570312e+02,3.355452880859375000e+02,1.174724884033203125e+02,3.220659484863281250e+02,1.201566619873046875e+02,3.440650024414062500e+02,1.325020751953125000e+02,3.204960632324218750e+02,1.357092132568359375e+02,3.525872802734375000e+02,1.515582733154296875e+02,0.000000000000000000e+00,0.000000000000000000e+00,3.556047973632812500e+02,1.701390838623046875e+02,3.255690917968750000e+02,1.379810638427734375e+02,3.400376586914062500e+02,1.735552825927734375e+02,3.275759887695312500e+02,1.745377349853515625e+02,3.411049194335937500e+02,1.996710052490234375e+02,3.305976562500000000e+02,2.011036834716796875e+02,3.456295166015625000e+02,2.242712554931640625e+02,3.361097412109375000e+02,2.252765350341796875e+02
5.650000000000000000e+02,3.274177856445312500e+02,1.191293411254882812e+02,3.295042724609375000e+02,1.167841796875000000e+02,3.246112060546875000e+02,1.170023193359375000e+02,3.338369750976562500e+02,1.173787078857421875e+02,3.212408142089843750e+02,1.195262145996093750e+02,3.422930297851562500e+02,1.323346099853515625e+02,3.197750244140625000e+02,1.353933258056640625e+02,3.507269897460937500e+02,1.506985473632812500e+02,3.097947998046875000e+02,1.449183807373046875e+02,3.541958007812500000e+02,1.695755615234375000e+02,3.235551147460937500e+02,1.375272979736328125e+02,3.393023071289062500e+02,1.734828338623046875e+02,3.262605590820312500e+02,1.737637786865234375e+02,3.402907714843750000e+02,1.993871002197265625e+02,3.303927917480468750e+02,2.003614044189453125e+02,3.423142700195312500e+02,2.243314361572265625e+02,3.353090820312500000e+02,2.252328948974609375e+02
5.660000000000000000e+02,3.255227355957031250e+02,1.195364532470703125e+02,3.276128540039062500e+02,1.165120849609375000e+02,3.231124572753906250e+02,1.171232910156250000e+02,3.318557739257812500e+02,1.180607147216796875e+02,3.198091430664062500e+02,1.192403030395507812e+02,3.406295776367187500e+02,1.325457153320312500e+02,3.178239746093750000e+02,1.352887878417968750e+02,3.488510742187500000e+02,1.509304962158203125e+02,3.090479736328125000e+02,1.448290252685546875e+02,3.522126770019531250e+02,1.692416534423828125e+02,3.232074890136718750e+02,1.391313934326171875e+02,3.371684570312500000e+02,1.739861907958984375e+02,3.247234802246093750e+02,1.749307861328125000e+02,3.347855224609375000e+02,1.999604339599609375e+02,3.290482482910156250e+02,2.013804473876953125e+02,3.386677246093750000e+02,2.260832366943359375e+02,3.358469848632812500e+02,2.267015533447265625e+02
5.670000000000000000e+02,3.240312805175781250e+02,1.188921737670898438e+02,3.263497924804687500e+02,1.165693054199218750e+02,3.216035766601562500e+02,1.169835128784179688e+02,3.305531616210937500e+02,1.179334564208984375e+02,3.188715820312500000e+02,1.189061737060546875e+02,3.389771728515625000e+02,1.324588165283203125e+02,3.170801391601562500e+02,1.347773742675781250e+02,3.474960327148437500e+02,1.507585449218750000e+02,3.071065979003906250e+02,1.441451721191406250e+02,3.507606506347656250e+02,1.690688934326171875e+02,3.210791625976562500e+02,1.388225860595703125e+02,3.370550537109375000e+02,1.746280670166015625e+02,3.240363464355468750e+02,1.750393524169921875e+02,3.343169555664062500e+02,2.013598632812500000e+02,3.287682495117187500e+02,2.022018737792968750e+02,3.370883789062500000e+02,2.256742095947265625e+02,3.329683227539062500e+02,2.252479400634765625e+02
5.680000000000000000e+02,3.230772705078125000e+02,1.188879089355468750e+02,3.249053649902343750e+02,1.161368408203125000e+02,3.204410095214843750e+02,1.170534362792968750e+02,3.300308837890625000e+02,1.176184539794921875e+02,3.173611755371093750e+02,1.188566741943359375e+02,3.381616210937500000e+02,1.329487152099609375e+02,3.162265625000000000e+02,1.345247039794921875e+02,3.465511474609375000e+02,1.521439208984375000e+02,3.059778747558593750e+02,1.446363220214843750e+02,3.501137084960937500e+02,1.707774353027343750e+02,3.204989624023437500e+02,1.391697540283203125e+02,3.372493896484375000e+02,1.750339660644531250e+02,3.234505920410156250e+02,1.755407257080078125e+02,3.358019714355468750e+02,2.027411499023437500e+02,3.285658264160156250e+02,2.031020355224609375e+02,3.368711547851562500e+02,2.244148864746093750e+02,3.299105529785156250e+02,2.243983154296875000e+02
5.690000000000000000e+02,3.209143066406250000e+02,1.199108047485351562e+02,3.233317565917968750e+02,1.174936676025390625e+02,3.184136962890625000e+02,1.174930419921875000e+02,3.277283630371093750e+02,1.184694366455078125e+02,3.159958801269531250e+02,1.194678649902343750e+02,3.360336303710937500e+02,1.341345672607421875e+02,3.144816284179687500e+02,1.346629486083984375e+02,3.448936157226562500e+02,1.527435455322265625e+02,3.043179931640625000e+02,1.458323211669921875e+02,3.487363281250000000e+02,1.712574005126953125e+02,3.169744873046875000e+02,1.419520111083984375e+02,3.355930786132812500e+02,1.743174285888671875e+02,3.219124145507812500e+02,1.743218231201171875e+02,3.339888305664062500e+02,2.019246368408203125e+02,3.274021911621093750e+02,2.018242950439453125e+02,3.341311035156250000e+02,2.240615539550781250e+02,3.304137268066406250e+02,2.237459564208984375e+02
5.700000000000000000e+02,3.195451354980468750e+02,1.202131729125976562e+02,3.218043212890625000e+02,1.173136978149414062e+02,3.169645690917968750e+02,1.179933013916015625e+02,3.272493591308593750e+02,1.188971252441406250e+02,0.000000000000000000e+00,0.000000000000000000e+00,3.349016723632812500e+02,1.336992340087890625e+02,3.140694885253906250e+02,1.340397949218750000e+02,3.433093261718750000e+02,1.522498321533203125e+02,3.034811096191406250e+02,1.459309387207031250e+02,3.474651489257812500e+02,1.705308380126953125e+02,3.163553771972656250e+02,1.420209655761718750e+02,3.336344299316406250e+02,1.741438140869140625e+02,3.208388366699218750e+02,1.748022766113281250e+02,3.321037292480468750e+02,2.019201507568359375e+02,3.273849792480468750e+02,2.029061889648437500e+02,3.226932983398437500e+02,2.257377471923828125e+02,3.371369018554687500e+02,2.257933807373046875e+02
5.710000000000000000e+02,3.182852478027343750e+02,1.203609008789062500e+02,3.208189697265625000e+02,1.178692932128906250e+02,3.162693176269531250e+02,1.183454437255859375e+02,3.263248291015625000e+02,1.193548583984375000e+02,0.000000000000000000e+00,0.000000000000000000e+00,3.338394775390625000e+02,1.334271087646484375e+02,3.122563476562500000e+02,1.344296264648437500e+02,3.418817443847656250e+02,1.524790496826171875e+02,3.017264099121093750e+02,1.459667816162109375e+02,3.459019775390625000e+02,1.720561981201171875e+02,3.147760009765625000e+02,1.419522247314453125e+02,3.318730773925781250e+02,1.750715332031250000e+02,3.198131713867187500e+02,1.750714263916015625e+02,3.273299255371093750e+02,2.016839447021484375e+02,3.293438720703125000e+02,2.021508331298828125e+02,3.213000183105468750e+02,2.277729949951171875e+02,3.378589477539062500e+02,2.267640228271484375e+02
5.720000000000000000e+02,3.170813293457031250e+02,1.207253417968750000e+02,3.200863647460937500e+02,1.177202911376953125e+02,3.150763244628906250e+02,1.177135620117187500e+02,3.254064941406250000e+02,1.190704803466796875e+02,0.000000000000000000e+00,0.000000000000000000e+00,3.327420043945312500e+02,1.340767669677734375e+02,3.117242431640625000e+02,1.344201507568359375e+02,3.407741088867187500e+02,1.530999908447265625e+02,3.003653564453125000e+02,1.457310638427734375e+02,3.447899169921875000e+02,1.717817535400390625e+02,3.127676086425781250e+02,1.413526153564453125e+02,3.310921325683593750e+02,1.747884521484375000e+02,3.197230834960937500e+02,1.744479217529296875e+02,3.260989685058593750e+02,2.024827880859375000e+02,3.287124633789062500e+02,2.024959259033203125e+02,3.210870056152343750e+02,2.285109405517578125e+02,3.367800903320312500e+02,2.258523712158203125e+02
5.730000000000000000e+02,3.157698669433593750e+02,1.202985229492187500e+02,3.188756103515625000e+02,1.174584503173828125e+02,3.137056884765625000e+02,1.177397079467773438e+02,3.240341186523437500e+02,1.189920806884765625e+02,0.000000000000000000e+00,0.000000000000000000e+00,3.314946594238281250e+02,1.339010162353515625e+02,3.106732482910156250e+02,1.344382171630859375e+02,3.386697387695312500e+02,1.529182586669921875e+02,2.988100585937500000e+02,1.462499237060546875e+02,3.422669067382812500e+02,1.719537506103515625e+02,3.098943176269531250e+02,1.414368743896484375e+02,3.288940734863281250e+02,1.745112304687500000e+02,3.178422241210937500e+02,1.744965972900390625e+02,3.232202758789062500e+02,2.030469055175781250e+02,3.271172485351562500e+02,2.025723419189453125e+02,3.199042053222656250e+02,2.287510833740234375e+02,3.345288696289062500e+02,2.246923065185546875e+02
5.740000000000000000e+02,3.148683776855468750e+02,1.201608886718750000e+02,3.174684448242187500e+02,1.170485610961914062e+02,3.127941894531250000e+02,1.178263778686523438e+02,3.226567382812500000e+02,1.188491439819335938e+02,0.000000000000000000e+00,0.000000000000000000e+00,3.306725158691406250e+02,1.341560516357421875e+02,3.092077026367187500e+02,1.333694610595703125e+02,3.371624755859375000e+02,1.533278350830078125e+02,2.980452270507812500e+02,1.460524444580078125e+02,3.407832641601562500e+02,1.724756927490234375e+02,3.102193603515625000e+02,1.405878448486328125e+02,3.280749511718750000e+02,1.753383789062500000e+02,3.161833801269531250e+02,1.747923431396484375e+02,3.252077941894531250e+02,2.027501068115234375e+02,3.208173217773437500e+02,2.035988311767578125e+02,3.198181762695312500e+02,2.291629486083984375e+02,3.329969482421875000e+02,2.249245910644531250e+02
5.750000000000000000e+02,3.132996826171875000e+02,1.189429855346679688e+02,3.161358642578125000e+02,1.165158309936523438e+02,3.110705871582031250e+02,1.169238433837890625e+02,3.212000122070312500e+02,1.183388824462890625e+02,0.000000000000000000e+00,0.000000000000000000e+00,3.293003540039062500e+02,1.330838012695312500e+02,3.082460937500000000e+02,1.327023010253906250e+02,3.357660522460937500e+02,1.526989593505859375e+02,2.963339843750000000e+02,1.452222442626953125e+02,3.389967956542968750e+02,1.712776184082031250e+02,3.078540954589843750e+02,1.388923797607421875e+02,3.268784484863281250e+02,1.749469757080078125e+02,3.141287231445312500e+02,1.746955718994140625e+02,3.251586914062500000e+02,2.025903625488281250e+02,3.202737426757812500e+02,2.030794830322265625e+02,3.251789550781250000e+02,2.267646636962890625e+02,3.219904479980468750e+02,2.275800628662109375e+02
5.760000000000000000e+02,3.120019531250000000e+02,1.182199783325195312e+02,3.147613830566406250e+02,1.159409255981445312e+02,3.097361145019531250e+02,1.159390029907226562e+02,3.198706665039062500e+02,1.174378204345703125e+02,0.000000000000000000e+00,0.000000000000000000e+00,3.276866455078125000e+02,1.329142913818359375e+02,3.059843139648437500e+02,1.333927917480468750e+02,3.350503234863281250e+02,1.523852996826171875e+02,2.938077392578125000e+02,1.445137176513671875e+02,3.368267822265625000e+02,1.716534271240234375e+02,3.076630249023437500e+02,1.387102813720703125e+02,3.254241333007812500e+02,1.750395507812500000e+02,3.127872314453125000e+02,1.749878540039062500e+02,3.245659790039062500e+02,2.023107757568359375e+02,3.157444152832031250e+02,2.035498504638671875e+02,3.242860107421875000e+02,2.261521759033203125e+02,3.187745971679687500e+02,2.272265625000000000e+02
5.770000000000000000e+02,3.105685729980468750e+02,1.182764358520507812e+02,3.133706359863281250e+02,1.158322601318359375e+02,3.083335266113281250e+02,1.160647735595703125e+02,3.190421752929687500e+02,1.177855987548828125e+02,0.000000000000000000e+00,0.000000000000000000e+00,3.272574462890625000e+02,1.324540863037109375e+02,3.051973876953125000e+02,1.334482727050781250e+02,3.342317199707031250e+02,1.521086883544921875e+02,2.936172180175781250e+02,1.446031494140625000e+02,3.359771728515625000e+02,1.720353240966796875e+02,3.071137084960937500e+02,1.383917083740234375e+02,3.247651672363281250e+02,1.755516662597656250e+02,3.111559448242187500e+02,1.759595184326171875e+02,3.225140380859375000e+02,2.040773468017578125e+02,3.101875305175781250e+02,2.035946960449218750e+02,3.202144775390625000e+02,2.290251617431640625e+02,3.185429077148437500e+02,2.250348663330078125e+02
5.780000000000000000e+02,3.095791015625000000e+02,1.183330383300781250e+02,3.123181152343750000e+02,1.156160354614257812e+02,3.073483276367187500e+02,1.158951873779296875e+02,3.179407958984375000e+02,1.170683135986328125e+02,0.000000000000000000e+00,0.000000000000000000e+00,3.257987670898437500e+02,1.320814514160156250e+02,3.044389038085937500e+02,1.323346099853515625e+02,3.322197265625000000e+02,1.520247039794921875e+02,2.922810974121093750e+02,1.443161163330078125e+02,3.354429321289062500e+02,1.709483032226562500e+02,3.055340270996093750e+02,1.378660278320312500e+02,3.228921203613281250e+02,1.735570678710937500e+02,3.093194580078125000e+02,1.739958801269531250e+02,3.208770446777343750e+02,2.024439697265625000e+02,3.092831726074218750e+02,2.021923675537109375e+02,3.199238891601562500e+02,2.276057891845703125e+02,3.165275878906250000e+02,2.247960662841796875e+02
5.790000000000000000e+02,3.082131347656250000e+02,1.183491287231445312e+02,3.105519714355468750e+02,1.156215133666992188e+02,3.058669738769531250e+02,1.160036621093750000e+02,3.159912414550781250e+02,1.167747268676757812e+02,0.000000000000000000e+00,0.000000000000000000e+00,3.245199279785156250e+02,1.320916748046875000e+02,3.024760742187500000e+02,1.326791229248046875e+02,3.313226318359375000e+02,1.515385589599609375e+02,2.907425231933593750e+02,1.442348175048828125e+02,3.338423156738281250e+02,1.711248474121093750e+02,3.041112365722656250e+02,1.379740142822265625e+02,3.218234863281250000e+02,1.745191192626953125e+02,3.071098937988281250e+02,1.745124511718750000e+02,3.200095214843750000e+02,2.031086883544921875e+02,3.079574279785156250e+02,2.030828399658203125e+02,3.200787353515625000e+02,2.282112884521484375e+02,3.139823303222656250e+02,2.259096679687500000e+02
5.800000000000000000e+02,3.064387207031250000e+02,1.183657379150390625e+02,3.092398376464843750e+02,1.159197921752929688e+02,3.046888122558593750e+02,1.159162216186523438e+02,3.148593750000000000e+02,1.166157684326171875e+02,0.000000000000000000e+00,0.000000000000000000e+00,3.229204101562500000e+02,1.323972167968750000e+02,3.015157470703125000e+02,1.316865234375000000e+02,3.299331054687500000e+02,1.516829071044921875e+02,2.892291870117187500e+02,1.436106414794921875e+02,3.327452697753906250e+02,1.709830780029296875e+02,3.029345397949218750e+02,1.372956695556640625e+02,3.194011230468750000e+02,1.751901397705078125e+02,3.046750183105468750e+02,1.748337554931640625e+02,3.187090454101562500e+02,2.028797302246093750e+02,3.029100952148437500e+02,2.032275543212890625e+02,3.197612304687500000e+02,2.288391876220703125e+02,3.088819580078125000e+02,2.274345245361328125e+02
5.810000000000000000e+02,3.049134521484375000e+02,1.192255020141601562e+02,3.081369628906250000e+02,1.160013580322265625e+02,3.031356201171875000e+02,1.163462677001953125e+02,3.138678588867187500e+02,1.174293365478515625e+02,0.000000000000000000e+00,0.000000000000000000e+00,3.221123657226562500e+02,1.328363189697265625e+02,3.002566833496093750e+02,1.324827423095703125e+02,3.285574340820312500e+02,1.521882934570312500e+02,2.884369812011718750e+02,1.439441375732421875e+02,3.314149780273437500e+02,1.708016357421875000e+02,3.016828918457031250e+02,1.371454772949218750e+02,3.181741943359375000e+02,1.743987884521484375e+02,3.034841918945312500e+02,1.743979644775390625e+02,3.185338745117187500e+02,2.030446014404296875e+02,3.002648315429687500e+02,2.026997070312500000e+02,3.192450561523437500e+02,2.295648651123046875e+02,3.045662841796875000e+02,2.288631439208984375e+02
5.820000000000000000e+02,3.027098083496093750e+02,1.195803222656250000e+02,3.059185180664062500e+02,1.163678207397460938e+02,3.009326477050781250e+02,1.163676300048828125e+02,3.119993591308593750e+02,1.184998016357421875e+02,0.000000000000000000e+00,0.000000000000000000e+00,3.194751586914062500e+02,1.331304168701171875e+02,2.994970397949218750e+02,1.338389739990234375e+02,3.262270812988281250e+02,1.519987182617187500e+02,2.866691284179687500e+02,1.438068389892578125e+02,3.290842895507812500e+02,1.712580718994140625e+02,2.998640747070312500e+02,1.370419311523437500e+02,3.162545776367187500e+02,1.748153076171875000e+02,3.027111816406250000e+02,1.748169555664062500e+02,3.169918823242187500e+02,2.040182037353515625e+02,2.987832031250000000e+02,2.036792755126953125e+02,3.180646667480468750e+02,2.289792175292968750e+02,2.987806701660156250e+02,2.293462982177734375e+02
5.830000000000000000e+02,3.006578369140625000e+02,1.197100830078125000e+02,3.039299621582031250e+02,1.175286712646484375e+02,2.995671386718750000e+02,1.175286712646484375e+02,3.104741821289062500e+02,1.186193771362304688e+02,0.000000000000000000e+00,0.000000000000000000e+00,3.181090698242187500e+02,1.338892211914062500e+02,2.984764404296875000e+02,1.360706176757812500e+02,3.257440185546875000e+02,1.524311676025390625e+02,2.853880004882812500e+02,1.447962493896484375e+02,3.268347167968750000e+02,1.720638122558593750e+02,2.984764404296875000e+02,1.382520294189453125e+02,3.148369750976562500e+02,1.764266204833984375e+02,3.017485351562500000e+02,1.764266204833984375e+02,3.170183715820312500e+02,2.047848968505859375e+02,2.973857421875000000e+02,2.047848968505859375e+02,3.191997985839843750e+02,2.298710479736328125e+02,2.941136169433593750e+02,2.309617462158203125e+02
5.840000000000000000e+02,2.994004516601562500e+02,1.204116058349609375e+02,3.024674987792968750e+02,1.173444824218750000e+02,2.976172485351562500e+02,1.178893280029296875e+02,3.075646972656250000e+02,1.191308670043945312e+02,0.000000000000000000e+00,0.000000000000000000e+00,3.159611816406250000e+02,1.336430206298828125e+02,2.951052551269531250e+02,1.354696807861328125e+02,3.231095886230468750e+02,1.527790069580078125e+02,2.831372375488281250e+02,1.448547058105468750e+02,3.251618041992187500e+02,1.723891296386718750e+02,2.964357604980468750e+02,1.390131072998046875e+02,3.139178466796875000e+02,1.767562713623046875e+02,2.996626892089843750e+02,1.767574005126953125e+02,3.162669067382812500e+02,2.052836303710937500e+02,2.958357849121093750e+02,2.044756774902343750e+02,3.182473754882812500e+02,2.299653930664062500e+02,2.915075683593750000e+02,2.292178344726562500e+02
5.850000000000000000e+02,2.981076049804687500e+02,1.201921844482421875e+02,3.009282836914062500e+02,1.176358337402343750e+02,2.960380859375000000e+02,1.179033966064453125e+02,3.063284301757812500e+02,1.191542892456054688e+02,0.000000000000000000e+00,0.000000000000000000e+00,3.137403564453125000e+02,1.343020935058593750e+02,2.937490844726562500e+02,1.350910644531250000e+02,3.209967346191406250e+02,1.533326263427734375e+02,2.806230773925781250e+02,1.450841827392578125e+02,3.235446777343750000e+02,1.726053009033203125e+02,2.942362060546875000e+02,1.402291564941406250e+02,3.127630004882812500e+02,1.764684753417968750e+02,2.988735351562500000e+02,1.764690704345703125e+02,3.158645324707031250e+02,2.042348480224609375e+02,2.952701416015625000e+02,2.041930999755859375e+02,3.189098815917968750e+02,2.303997955322265625e+02,2.900894470214843750e+02,2.293577880859375000e+02
5.860000000000000000e+02,2.957991027832031250e+02,1.210302734375000000e+02,2.983582153320312500e+02,1.184735183715820312e+02,2.940033264160156250e+02,1.184709014892578125e+02,3.040081176757812500e+02,1.195040435791015625e+02,0.000000000000000000e+00,0.000000000000000000e+00,3.116711120605468750e+02,1.346078491210937500e+02,2.914118041992187500e+02,1.356394653320312500e+02,3.188395080566406250e+02,1.533466339111328125e+02,2.786027221679687500e+02,1.456301116943359375e+02,3.214445495605468750e+02,1.723126678466796875e+02,2.906077575683593750e+02,1.410392761230468750e+02,3.109078979492187500e+02,1.761104431152343750e+02,2.968330078125000000e+02,1.761117553710937500e+02,3.140131835937500000e+02,2.038477172851562500e+02,2.937424316406250000e+02,2.038141021728515625e+02,3.183475952148437500e+02,2.297300567626953125e+02,2.888546752929687500e+02,2.300014495849609375e+02
5.870000000000000000e+02,2.937871093750000000e+02,1.211649932861328125e+02,2.965043945312500000e+02,1.184454803466796875e+02,2.921595458984375000e+02,1.184326248168945312e+02,3.022225341796875000e+02,1.198042297363281250e+02,0.000000000000000000e+00,0.000000000000000000e+00,3.100916748046875000e+02,1.350088348388671875e+02,2.894395141601562500e+02,1.360883636474609375e+02,3.168731689453125000e+02,1.545698242187500000e+02,2.766826171875000000e+02,1.453359375000000000e+02,3.195892639160156250e+02,1.733106536865234375e+02,2.894767761230468750e+02,1.401485748291015625e+02,3.089975280761718750e+02,1.771124725341796875e+02,2.940836486816406250e+02,1.773769531250000000e+02,3.125180053710937500e+02,2.048090972900390625e+02,2.916184997558593750e+02,2.048200531005859375e+02,3.185062866210937500e+02,2.300504455566406250e+02,2.883605041503906250e+02,2.303483886718750000e+02
5.880000000000000000e+02,2.915076293945312500e+02,1.209337310791015625e+02,2.942931213378906250e+02,1.181499633789062500e+02,2.897423706054687500e+02,1.181585006713867188e+02,2.998896484375000000e+02,1.199209289550781250e+02,0.000000000000000000e+00,0.000000000000000000e+00,3.072315673828125000e+02,1.348855133056640625e+02,2.866868286132812500e+02,1.361789703369140625e+02,3.148518066406250000e+02,1.543774871826171875e+02,2.742882995605468750e+02,1.455044708251953125e+02,3.166158447265625000e+02,1.736344146728515625e+02,2.865814819335937500e+02,1.405807952880859375e+02,3.062140808105468750e+02,1.764210968017578125e+02,2.912341003417968750e+02,1.764318237304687500e+02,3.099815063476562500e+02,2.040108184814453125e+02,2.892537536621093750e+02,2.040162506103515625e+02,3.171139526367187500e+02,2.287780609130859375e+02,2.879614562988281250e+02,2.306268310546875000e+02
5.890000000000000000e+02,2.892311096191406250e+02,1.207628936767578125e+02,2.918007202148437500e+02,1.179334106445312500e+02,2.874081115722656250e+02,1.179335937500000000e+02,2.979457397460937500e+02,1.195033569335937500e+02,0.000000000000000000e+00,0.000000000000000000e+00,3.056852416992187500e+02,1.354363861083984375e+02,2.848569030761718750e+02,1.362026672363281250e+02,3.126306762695312500e+02,1.547035675048828125e+02,2.722685546875000000e+02,1.451951904296875000e+02,3.144224853515625000e+02,1.739632110595703125e+02,2.845784912109375000e+02,1.397521209716796875e+02,3.033879089355468750e+02,1.767871246337890625e+02,2.889659729003906250e+02,1.767820129394531250e+02,3.077714233398437500e+02,2.048164825439453125e+02,2.871966552734375000e+02,2.045414276123046875e+02,3.159783630371093750e+02,2.273393859863281250e+02,2.874161987304687500e+02,2.310229187011718750e+02
5.900000000000000000e+02,2.877379760742187500e+02,1.200752563476562500e+02,2.902638244628906250e+02,1.170006561279296875e+02,2.856893920898437500e+02,1.175524444580078125e+02,2.964169921875000000e+02,1.190513458251953125e+02,0.000000000000000000e+00,0.000000000000000000e+00,3.035185852050781250e+02,1.343516387939453125e+02,2.836640930175781250e+02,1.343545989990234375e+02,3.107019653320312500e+02,1.542157135009765625e+02,2.704031372070312500e+02,1.440498809814453125e+02,3.132019958496093750e+02,1.736094207763671875e+02,2.821463623046875000e+02,1.404156341552734375e+02,2.999421691894531250e+02,1.772063598632812500e+02,2.856922607421875000e+02,1.772437591552734375e+02,3.034985961914062500e+02,2.046828460693359375e+02,2.857008056640625000e+02,2.052368011474609375e+02,3.137316589355468750e+02,2.225097198486328125e+02,2.877601928710937500e+02,2.306996002197265625e+02
5.910000000000000000e+02,2.860399780273437500e+02,1.199350280761718750e+02,2.881861877441406250e+02,1.167093048095703125e+02,2.838922729492187500e+02,1.167103805541992188e+02,2.946400146484375000e+02,1.188605880737304688e+02,0.000000000000000000e+00,0.000000000000000000e+00,3.010927734375000000e+02,1.344377899169921875e+02,2.812131042480468750e+02,1.339165649414062500e+02,3.086194763183593750e+02,1.537955169677734375e+02,2.683083190917968750e+02,1.441166534423828125e+02,3.112954101562500000e+02,1.720526580810546875e+02,2.806837768554687500e+02,1.387558746337890625e+02,2.973181762695312500e+02,1.763738861083984375e+02,2.833654174804687500e+02,1.758631134033203125e+02,2.989420776367187500e+02,2.032335662841796875e+02,2.838837890625000000e+02,2.048255767822265625e+02,3.096927490234375000e+02,2.193429718017578125e+02,2.876651611328125000e+02,2.306414947509765625e+02
5.920000000000000000e+02,2.838892211914062500e+02,1.197352066040039062e+02,2.865924072265625000e+02,1.165032806396484375e+02,2.822843017578125000e+02,1.164998474121093750e+02,2.930614624023437500e+02,1.186615447998046875e+02,0.000000000000000000e+00,0.000000000000000000e+00,2.995324096679687500e+02,1.337719573974609375e+02,2.790462036132812500e+02,1.343061981201171875e+02,3.065303344726562500e+02,1.531350555419921875e+02,2.662213134765625000e+02,1.434599304199218750e+02,3.097537231445312500e+02,1.709520568847656250e+02,2.783864135742187500e+02,1.389521942138671875e+02,2.946532592773437500e+02,1.758305664062500000e+02,2.811989135742187500e+02,1.758176116943359375e+02,2.952192993164062500e+02,2.027277374267578125e+02,2.833594665527343750e+02,2.043331756591796875e+02,3.049252929687500000e+02,2.183606109619140625e+02,2.871239624023437500e+02,2.307341461181640625e+02
5.930000000000000000e+02,2.821564636230468750e+02,1.183693466186523438e+02,2.854065551757812500e+02,1.162026214599609375e+02,2.810731201171875000e+02,1.162026214599609375e+02,2.919067382812500000e+02,1.172859802246093750e+02,0.000000000000000000e+00,0.000000000000000000e+00,2.984069213867187500e+02,1.335364532470703125e+02,2.778229980468750000e+02,1.346198120117187500e+02,3.059904785156250000e+02,1.519536285400390625e+02,2.648226318359375000e+02,1.432867279052734375e+02,3.092405700683593750e+02,1.703708343505859375e+02,2.767396545410156250e+02,1.378699035644531250e+02,2.919067382812500000e+02,1.768710174560546875e+02,2.799897460937500000e+02,1.757876434326171875e+02,2.908233947753906250e+02,2.028717498779296875e+02,2.821564636230468750e+02,2.039551239013671875e+02,3.016570129394531250e+02,2.180388488769531250e+02,2.864899291992187500e+02,2.299558410644531250e+02
5.940000000000000000e+02,2.813992919921875000e+02,1.183983612060546875e+02,2.844497680664062500e+02,1.158235473632812500e+02,2.793726196289062500e+02,1.158283691406250000e+02,2.900131835937500000e+02,1.178588256835937500e+02,0.000000000000000000e+00,0.000000000000000000e+00,2.965881042480468750e+02,1.330462493896484375e+02,2.768558349609375000e+02,1.330452423095703125e+02,3.042612304687500000e+02,1.533161468505859375e+02,2.631526489257812500e+02,1.426676788330078125e+02,3.077624511718750000e+02,1.705443878173828125e+02,2.762973022460937500e+02,1.370130767822265625e+02,2.910225830078125000e+02,1.761842803955078125e+02,2.788876342773437500e+02,1.761564178466796875e+02,2.894829711914062500e+02,2.024707794189453125e+02,2.809024353027343750e+02,2.039846191406250000e+02,2.938568725585937500e+02,2.254798278808593750e+02,2.864695434570312500e+02,2.298482208251953125e+02
5.950000000000000000e+02,2.795683898925781250e+02,1.188898925781250000e+02,2.825568847656250000e+02,1.159014663696289062e+02,2.781412963867187500e+02,1.158952636718750000e+02,2.885300292968750000e+02,1.183260040283203125e+02,0.000000000000000000e+00,0.000000000000000000e+00,2.953837890625000000e+02,1.335835418701171875e+02,2.747122802734375000e+02,1.335805816650390625e+02,3.027900390625000000e+02,1.528175354003906250e+02,2.623296813964843750e+02,1.435355072021484375e+02,3.057767028808593750e+02,1.700667724609375000e+02,2.755998535156250000e+02,1.365682525634765625e+02,2.909692382812500000e+02,1.755759429931640625e+02,2.776920166015625000e+02,1.755704193115234375e+02,2.899925231933593750e+02,2.026589813232421875e+02,2.811293334960937500e+02,2.036441192626953125e+02,2.924443054199218750e+02,2.263249969482421875e+02,2.850689086914062500e+02,2.287976226806640625e+02
5.960000000000000000e+02,2.772216186523437500e+02,1.194047317504882812e+02,2.803421020507812500e+02,1.170545272827148438e+02,2.756811828613281250e+02,1.167719421386718750e+02,2.870686950683593750e+02,1.191342315673828125e+02,0.000000000000000000e+00,0.000000000000000000e+00,2.929887390136718750e+02,1.338844451904296875e+02,2.725528259277343750e+02,1.338486480712890625e+02,3.005146484375000000e+02,1.537877807617187500e+02,2.604074401855468750e+02,1.439455718994140625e+02,3.041248168945312500e+02,1.716359710693359375e+02,2.730877075195312500e+02,1.374573974609375000e+02,2.891079711914062500e+02,1.757870025634765625e+02,2.764309082031250000e+02,1.755152435302734375e+02,2.877772216796875000e+02,2.039530181884765625e+02,2.800358581542968750e+02,2.047626037597656250e+02,2.898757629394531250e+02,2.306313323974609375e+02,2.849909667968750000e+02,2.306328277587890625e+02
5.970000000000000000e+02,2.754861450195312500e+02,1.198466644287109375e+02,2.786431884765625000e+02,1.166994171142578125e+02,2.740690917968750000e+02,1.166852569580078125e+02,2.852788696289062500e+02,1.187854919433593750e+02,0.000000000000000000e+00,0.000000000000000000e+00,2.908584594726562500e+02,1.338021087646484375e+02,2.713456726074218750e+02,1.331472778320312500e+02,2.982265930175781250e+02,1.537454223632812500e+02,2.586995544433593750e+02,1.442642517089843750e+02,3.023833618164062500e+02,1.715263366699218750e+02,2.709581604003906250e+02,1.382290191650390625e+02,2.866483764648437500e+02,1.753815612792968750e+02,2.748083496093750000e+02,1.746444702148437500e+02,2.842711791992187500e+02,2.033349914550781250e+02,2.793558959960937500e+02,2.043923492431640625e+02,2.870240173339843750e+02,2.302314453125000000e+02,2.835049438476562500e+02,2.295172271728515625e+02
5.980000000000000000e+02,2.739817504882812500e+02,1.194910812377929688e+02,2.768554077148437500e+02,1.173545837402343750e+02,2.722231140136718750e+02,1.173550415039062500e+02,2.832244262695312500e+02,1.191220779418945312e+02,0.000000000000000000e+00,0.000000000000000000e+00,2.896361389160156250e+02,1.344109191894531250e+02,2.693889160156250000e+02,1.337525024414062500e+02,2.967443847656250000e+02,1.543408355712890625e+02,2.565502624511718750e+02,1.440340270996093750e+02,2.999466247558593750e+02,1.724626464843750000e+02,2.690251770019531250e+02,1.383445892333984375e+02,2.850025024414062500e+02,1.760344696044921875e+02,2.732824401855468750e+02,1.753034820556640625e+02,2.818323669433593750e+02,2.037383575439453125e+02,2.792978210449218750e+02,2.047883453369140625e+02,2.825365295410156250e+02,2.297184906005859375e+02,2.855651550292968750e+02,2.297340850830078125e+02
5.990000000000000000e+02,2.724932861328125000e+02,1.205377044677734375e+02,2.752684631347656250e+02,1.181240768432617188e+02,2.711345825195312500e+02,1.181429748535156250e+02,2.815532531738281250e+02,1.198513183593750000e+02,0.000000000000000000e+00,0.000000000000000000e+00,2.881416931152343750e+02,1.358186798095703125e+02,2.686929626464843750e+02,1.344585266113281250e+02,2.951074218750000000e+02,1.549809112548828125e+02,2.551026153564453125e+02,1.448648681640625000e+02,2.978857116699218750e+02,1.727206573486328125e+02,2.672970275878906250e+02,1.393269042968750000e+02,2.840016174316406250e+02,1.768628540039062500e+02,2.721736755371093750e+02,1.768480987548828125e+02,2.801796875000000000e+02,2.043004608154296875e+02,2.808633422851562500e+02,2.046798248291015625e+02,2.777290039062500000e+02,2.297185516357421875e+02,2.878297729492187500e+02,2.304774017333984375e+02
6.000000000000000000e+02,2.702919616699218750e+02,1.203778305053710938e+02,2.733673706054687500e+02,1.178401031494140625e+02,2.692725830078125000e+02,1.178119964599609375e+02,2.800049743652343750e+02,1.203765411376953125e+02,0.000000000000000000e+00,0.000000000000000000e+00,2.866480712890625000e+02,1.357220153808593750e+02,2.663043823242187500e+02,1.342506866455078125e+02,2.932821655273437500e+02,1.556216888427734375e+02,2.534743499755859375e+02,1.459008941650390625e+02,2.963650512695312500e+02,1.734758453369140625e+02,2.656974487304687500e+02,1.392678070068359375e+02,2.820617370605468750e+02,1.775854339599609375e+02,2.708524169921875000e+02,1.771210632324218750e+02,2.785069885253906250e+02,2.051597747802734375e+02,2.805499877929687500e+02,2.046784362792968750e+02,2.733710327148437500e+02,2.306815643310546875e+02,2.876701965332031250e+02,2.302031860351562500e+02
6.010000000000000000e+02,2.686235961914062500e+02,1.202582397460937500e+02,2.716932983398437500e+02,1.178708801269531250e+02,2.675972290039062500e+02,1.178600921630859375e+02,2.781581115722656250e+02,1.195631256103515625e+02,0.000000000000000000e+00,0.000000000000000000e+00,2.849659423828125000e+02,1.359000854492187500e+02,2.642400817871093750e+02,1.345677337646484375e+02,2.911157836914062500e+02,1.559994354248046875e+02,2.519608306884765625e+02,1.460928497314453125e+02,2.941968078613281250e+02,1.740333099365234375e+02,2.641993408203125000e+02,1.396460113525390625e+02,2.812301330566406250e+02,1.774457244873046875e+02,2.689859313964843750e+02,1.774466400146484375e+02,2.772040405273437500e+02,2.046508941650390625e+02,2.795272827148437500e+02,2.043247375488281250e+02,2.730651245117187500e+02,2.315341339111328125e+02,2.866695861816406250e+02,2.302003326416015625e+02
6.020000000000000000e+02,2.676411437988281250e+02,1.202313079833984375e+02,2.708233947753906250e+02,1.177509155273437500e+02,2.665877075195312500e+02,1.173944931030273438e+02,2.775454101562500000e+02,1.198727188110351562e+02,0.000000000000000000e+00,0.000000000000000000e+00,2.839029846191406250e+02,1.357687225341796875e+02,2.637559509277343750e+02,1.343925476074218750e+02,2.898950500488281250e+02,1.562261352539062500e+02,2.506862335205078125e+02,1.460131225585937500e+02,2.930872192382812500e+02,1.749827728271484375e+02,2.623677368164062500e+02,1.399634857177734375e+02,2.796454467773437500e+02,1.774656219482421875e+02,2.680007324218750000e+02,1.767792510986328125e+02,2.764492492675781250e+02,2.042840728759765625e+02,2.775428466796875000e+02,2.046431274414062500e+02,2.729445800781250000e+02,2.318201751708984375e+02,2.863575744628906250e+02,2.300778350830078125e+02
6.030000000000000000e+02,2.658863830566406250e+02,1.199411163330078125e+02,2.686685791015625000e+02,1.178428955078125000e+02,2.641547546386718750e+02,1.178424072265625000e+02,2.756938171386718750e+02,1.199447174072265625e+02,0.000000000000000000e+00,0.000000000000000000e+00,2.819897766113281250e+02,1.356884918212890625e+02,2.610399475097656250e+02,1.346549377441406250e+02,2.882876586914062500e+02,1.563118438720703125e+02,2.484355010986328125e+02,1.458264923095703125e+02,2.910682067871093750e+02,1.755461730957031250e+02,2.606615905761718750e+02,1.405628662109375000e+02,2.777905883789062500e+02,1.769254913330078125e+02,2.659206542968750000e+02,1.769390563964843750e+02,2.746403808593750000e+02,2.056316375732421875e+02,2.739774169921875000e+02,2.055877532958984375e+02,2.714895019531250000e+02,2.328680877685546875e+02,2.840945434570312500e+02,2.283535614013671875e+02
6.040000000000000000e+02,2.643698730468750000e+02,1.192628173828125000e+02,2.676119995117187500e+02,1.163906021118164062e+02,2.632936706542968750e+02,1.163874511718750000e+02,2.741211853027343750e+02,1.185508346557617188e+02,0.000000000000000000e+00,0.000000000000000000e+00,2.806189270019531250e+02,1.348091888427734375e+02,2.611401672363281250e+02,1.337317810058593750e+02,2.871187744140625000e+02,1.553862304687500000e+02,2.470384368896484375e+02,1.449052429199218750e+02,2.892868652343750000e+02,1.738079376220703125e+02,2.587322998046875000e+02,1.389742889404296875e+02,2.770082397460937500e+02,1.763301239013671875e+02,2.651054077148437500e+02,1.763380737304687500e+02,2.734022827148437500e+02,2.045312347412109375e+02,2.708466796875000000e+02,2.044938201904296875e+02,2.723169250488281250e+02,2.315813140869140625e+02,2.813269653320312500e+02,2.251649475097656250e+02
6.050000000000000000e+02,2.623981018066406250e+02,1.190005493164062500e+02,2.658917846679687500e+02,1.165105667114257812e+02,2.609584960937500000e+02,1.158056793212890625e+02,2.725703735351562500e+02,1.186198348999023438e+02,0.000000000000000000e+00,0.000000000000000000e+00,2.789075622558593750e+02,1.344537811279296875e+02,2.589546203613281250e+02,1.337941741943359375e+02,2.848997192382812500e+02,1.548310852050781250e+02,2.455064849853515625e+02,1.445963287353515625e+02,2.876981201171875000e+02,1.734685821533203125e+02,2.581756286621093750e+02,1.383057098388671875e+02,2.753725585937500000e+02,1.773110046386718750e+02,2.630683288574218750e+02,1.765599822998046875e+02,2.726069641113281250e+02,2.054355621337890625e+02,2.652066345214843750e+02,2.051009063720703125e+02,2.725775146484375000e+02,2.321427764892578125e+02,2.743346252441406250e+02,2.278587036132812500e+02
6.060000000000000000e+02,2.602090454101562500e+02,1.179157333374023438e+02,2.635085449218750000e+02,1.146152038574218750e+02,2.591165161132812500e+02,1.151521911621093750e+02,2.706494750976562500e+02,1.173840026855468750e+02,0.000000000000000000e+00,0.000000000000000000e+00,2.778124389648437500e+02,1.333167419433593750e+02,2.585648498535156250e+02,1.327548980712890625e+02,2.833092956542968750e+02,1.531194305419921875e+02,2.442572174072265625e+02,1.437686004638671875e+02,2.866102600097656250e+02,1.723681488037109375e+02,2.558066253662109375e+02,1.371636810302734375e+02,2.739804077148437500e+02,1.767784881591796875e+02,2.613180236816406250e+02,1.756809844970703125e+02,2.723091430664062500e+02,2.053717498779296875e+02,2.623951416015625000e+02,2.053643341064453125e+02,2.717546997070312500e+02,2.323318328857421875e+02,2.701000366210937500e+02,2.295738220214843750e+02
6.070000000000000000e+02,2.585100097656250000e+02,1.188185348510742188e+02,2.612440795898437500e+02,1.160725402832031250e+02,2.574486389160156250e+02,1.160757904052734375e+02,2.687794494628906250e+02,1.184533691406250000e+02,0.000000000000000000e+00,0.000000000000000000e+00,2.759839172363281250e+02,1.339766387939453125e+02,2.561293334960937500e+02,1.336909027099609375e+02,2.818581542968750000e+02,1.542063140869140625e+02,2.423148956298828125e+02,1.439385070800781250e+02,2.845954895019531250e+02,1.734656524658203125e+02,2.547025604248046875e+02,1.381033172607421875e+02,2.719123535156250000e+02,1.768467559814453125e+02,2.592073059082031250e+02,1.764729766845703125e+02,2.704661865234375000e+02,2.054937591552734375e+02,2.580429077148437500e+02,2.054934844970703125e+02,2.708548583984375000e+02,2.333674774169921875e+02,2.695033569335937500e+02,2.267807159423828125e+02
6.080000000000000000e+02,2.566859130859375000e+02,1.189460144042968750e+02,2.599129028320312500e+02,1.160063705444335938e+02,2.561189880371093750e+02,1.159849395751953125e+02,2.676805725097656250e+02,1.178800735473632812e+02,0.000000000000000000e+00,0.000000000000000000e+00,2.749100341796875000e+02,1.339691162109375000e+02,2.555995635986328125e+02,1.339983978271484375e+02,2.811019287109375000e+02,1.546232910156250000e+02,2.419368896484375000e+02,1.436168365478515625e+02,2.837705383300781250e+02,1.739420166015625000e+02,2.534980316162109375e+02,1.379754638671875000e+02,2.711644592285156250e+02,1.768796691894531250e+02,2.577689208984375000e+02,1.765913848876953125e+02,2.690176086425781250e+02,2.045260467529296875e+02,2.561848144531250000e+02,2.048570556640625000e+02,2.711760864257812500e+02,2.324126586914062500e+02,2.687384948730468750e+02,2.286152496337890625e+02
6.090000000000000000e+02,2.542051544189453125e+02,1.178071136474609375e+02,2.577196655273437500e+02,1.156458053588867188e+02,2.538627929687500000e+02,1.153989105224609375e+02,2.649842224121093750e+02,1.175301895141601562e+02,0.000000000000000000e+00,0.000000000000000000e+00,2.728135986328125000e+02,1.334642639160156250e+02,2.528720092773437500e+02,1.334658660888671875e+02,2.790011596679687500e+02,1.536615142822265625e+02,2.398958587646484375e+02,1.431637268066406250e+02,2.814577026367187500e+02,1.730950012207031250e+02,2.515860137939453125e+02,1.374558563232421875e+02,2.693022460937500000e+02,1.762853393554687500e+02,2.555639495849609375e+02,1.762801971435546875e+02,2.676910400390625000e+02,2.043147430419921875e+02,2.526251373291015625e+02,2.040553436279296875e+02,2.709343261718750000e+02,2.318365020751953125e+02,2.644417724609375000e+02,2.299510650634765625e+02
6.100000000000000000e+02,2.515860595703125000e+02,1.190191879272460938e+02,2.551468963623046875e+02,1.157406921386718750e+02,2.521252441406250000e+02,1.160507888793945312e+02,2.633456726074218750e+02,1.176526412963867188e+02,0.000000000000000000e+00,0.000000000000000000e+00,2.715580139160156250e+02,1.337942352294921875e+02,2.521205749511718750e+02,1.340623168945312500e+02,2.775694580078125000e+02,1.540241699218750000e+02,2.387785644531250000e+02,1.434044189453125000e+02,2.794904785156250000e+02,1.734451599121093750e+02,2.493907775878906250e+02,1.380203552246093750e+02,2.677350463867187500e+02,1.767196807861328125e+02,2.537789611816406250e+02,1.764754943847656250e+02,2.682760314941406250e+02,2.046035919189453125e+02,2.510587615966796875e+02,2.045977783203125000e+02,2.710012207031250000e+02,2.324957122802734375e+02,2.597996520996093750e+02,2.297543792724609375e+02
6.110000000000000000e+02,2.505747222900390625e+02,1.190490112304687500e+02,2.534994659423828125e+02,1.163713226318359375e+02,2.508070220947265625e+02,1.163318099975585938e+02,2.617717285156250000e+02,1.182650222778320312e+02,0.000000000000000000e+00,0.000000000000000000e+00,2.700461425781250000e+02,1.342753906250000000e+02,2.502660522460937500e+02,1.342811279296875000e+02,2.761713562011718750e+02,1.550411987304687500e+02,2.377414703369140625e+02,1.441115875244140625e+02,2.780358886718750000e+02,1.745161743164062500e+02,2.483021545410156250e+02,1.394838867187500000e+02,2.665594787597656250e+02,1.772005767822265625e+02,2.532243194580078125e+02,1.769192352294921875e+02,2.676238708496093750e+02,2.059741363525390625e+02,2.497502441406250000e+02,2.057546386718750000e+02,2.702884216308593750e+02,2.337165832519531250e+02,2.532223663330078125e+02,2.318535766601562500e+02
6.120000000000000000e+02,2.482871551513671875e+02,1.190808563232421875e+02,2.516270599365234375e+02,1.168548126220703125e+02,2.483427886962890625e+02,1.168054885864257812e+02,2.594426269531250000e+02,1.179635391235351562e+02,0.000000000000000000e+00,0.000000000000000000e+00,2.677915344238281250e+02,1.341432952880859375e+02,2.482777557373046875e+02,1.352554168701171875e+02,2.744752807617187500e+02,1.547713775634765625e+02,2.360535125732421875e+02,1.447174377441406250e+02,2.761440429687500000e+02,1.742619171142578125e+02,2.471627960205078125e+02,1.391581573486328125e+02,2.655558776855468750e+02,1.787544555664062500e+02,2.521815948486328125e+02,1.776269378662109375e+02,2.677977905273437500e+02,2.066174163818359375e+02,2.488359985351562500e+02,2.066201324462890625e+02,2.711363830566406250e+02,2.339401702880859375e+02,2.477223968505859375e+02,2.339226379394531250e+02
6.130000000000000000e+02,2.463438568115234375e+02,1.199065093994140625e+02,2.492822265625000000e+02,1.173418502807617188e+02,2.466040496826171875e+02,1.172681274414062500e+02,2.570283508300781250e+02,1.191698150634765625e+02,0.000000000000000000e+00,0.000000000000000000e+00,2.655163879394531250e+02,1.350300140380859375e+02,2.466965789794921875e+02,1.354081878662109375e+02,2.721606445312500000e+02,1.553169708251953125e+02,2.341660614013671875e+02,1.453603668212890625e+02,2.740042724609375000e+02,1.756125793457031250e+02,2.430918121337890625e+02,1.408532104492187500e+02,2.636769104003906250e+02,1.781896057128906250e+02,2.503928985595703125e+02,1.781613922119140625e+02,2.666167602539062500e+02,2.058416595458984375e+02,2.474587554931640625e+02,2.062162017822265625e+02,2.710527648925781250e+02,2.338861541748046875e+02,2.433857269287109375e+02,2.331497955322265625e+02
6.140000000000000000e+02,2.429521636962890625e+02,1.194429168701171875e+02,2.462833709716796875e+02,1.172238464355468750e+02,0.000000000000000000e+00,0.000000000000000000e+00,2.546522979736328125e+02,1.194357681274414062e+02,0.000000000000000000e+00,0.000000000000000000e+00,2.635651245117187500e+02,1.344691467285156250e+02,2.445792388916015625e+02,1.355922088623046875e+02,2.696668090820312500e+02,1.550743865966796875e+02,2.323884429931640625e+02,1.456007995605468750e+02,2.713591308593750000e+02,1.756766052246093750e+02,2.396798858642578125e+02,1.428383789062500000e+02,2.613315429687500000e+02,1.790195770263671875e+02,2.485278472900390625e+02,1.784497375488281250e+02,2.663574829101562500e+02,2.057422027587890625e+02,2.462910919189453125e+02,2.063105621337890625e+02,2.707903442382812500e+02,2.341424102783203125e+02,2.407304687500000000e+02,2.330300750732421875e+02
6.150000000000000000e+02,2.416672058105468750e+02,1.204496765136718750e+02,2.443789520263671875e+02,1.182521362304687500e+02,0.000000000000000000e+00,0.000000000000000000e+00,2.531796417236328125e+02,1.198792266845703125e+02,0.000000000000000000e+00,0.000000000000000000e+00,2.614370422363281250e+02,1.352641143798828125e+02,2.427654571533203125e+02,1.358247528076171875e+02,2.680332336425781250e+02,1.561333770751953125e+02,2.306977386474609375e+02,1.468220977783203125e+02,2.702235717773437500e+02,1.759028778076171875e+02,2.379066009521484375e+02,1.429778594970703125e+02,2.597872924804687500e+02,1.797385101318359375e+02,2.471576690673828125e+02,1.786431121826171875e+02,2.652512207031250000e+02,2.066428680419921875e+02,2.455171356201171875e+02,2.071886444091796875e+02,2.713155517578125000e+02,2.346304321289062500e+02,2.405692901611328125e+02,2.340868377685546875e+02
6.160000000000000000e+02,2.394659423828125000e+02,1.203704910278320312e+02,2.416633758544921875e+02,1.181701049804687500e+02,0.000000000000000000e+00,0.000000000000000000e+00,2.499036712646484375e+02,1.198116149902343750e+02,0.000000000000000000e+00,0.000000000000000000e+00,2.586918334960937500e+02,1.357696838378906250e+02,2.399786529541015625e+02,1.368714599609375000e+02,2.652913513183593750e+02,1.561059265136718750e+02,2.279131164550781250e+02,1.473231048583984375e+02,2.674979858398437500e+02,1.753460235595703125e+02,2.358157501220703125e+02,1.425591735839843750e+02,2.576082763671875000e+02,1.797515563964843750e+02,2.449611358642578125e+02,1.797496490478515625e+02,2.630847167968750000e+02,2.067043609619140625e+02,2.432874603271484375e+02,2.077829742431640625e+02,2.702309570312500000e+02,2.330576782226562500e+02,2.388968353271484375e+02,2.347267150878906250e+02
6.170000000000000000e+02,2.364462738037109375e+02,1.205950469970703125e+02,2.391597595214843750e+02,1.178830642700195312e+02,0.000000000000000000e+00,0.000000000000000000e+00,2.478453674316406250e+02,1.200695877075195312e+02,0.000000000000000000e+00,0.000000000000000000e+00,2.565402526855468750e+02,1.358083496093750000e+02,2.380693206787109375e+02,1.358079223632812500e+02,2.635833740234375000e+02,1.564561309814453125e+02,2.262277679443359375e+02,1.473011779785156250e+02,2.646800537109375000e+02,1.754572448730468750e+02,2.306897125244140625e+02,1.438443756103515625e+02,2.554608154296875000e+02,1.798077697753906250e+02,2.418970642089843750e+02,1.792546844482421875e+02,2.608997802734375000e+02,2.069675750732421875e+02,2.407737884521484375e+02,2.080541839599609375e+02,2.701177978515625000e+02,2.330314331054687500e+02,2.380712738037109375e+02,2.357534332275390625e+02
6.180000000000000000e+02,2.342270812988281250e+02,1.200047836303710938e+02,2.369344177246093750e+02,1.179139709472656250e+02,0.000000000000000000e+00,0.000000000000000000e+00,2.452783660888671875e+02,1.200016937255859375e+02,0.000000000000000000e+00,0.000000000000000000e+00,2.539677581787109375e+02,1.352589416503906250e+02,2.366256866455078125e+02,1.352582244873046875e+02,2.605426025390625000e+02,1.560540313720703125e+02,2.235139770507812500e+02,1.467359771728515625e+02,2.622822875976562500e+02,1.747441253662109375e+02,2.302484893798828125e+02,1.426031341552734375e+02,2.521574249267578125e+02,1.789444122314453125e+02,2.379814147949218750e+02,1.786258697509765625e+02,2.591512451171875000e+02,2.062465820312500000e+02,2.375969085693359375e+02,2.076482849121093750e+02,2.688518066406250000e+02,2.325469970703125000e+02,2.380438385009765625e+02,2.353886871337890625e+02
6.190000000000000000e+02,2.319925994873046875e+02,1.207579040527343750e+02,2.352822723388671875e+02,1.178607330322265625e+02,0.000000000000000000e+00,0.000000000000000000e+00,2.429368743896484375e+02,1.196657714843750000e+02,0.000000000000000000e+00,0.000000000000000000e+00,2.516653442382812500e+02,1.353396148681640625e+02,2.337946929931640625e+02,1.356940002441406250e+02,2.582218322753906250e+02,1.557540283203125000e+02,2.214705963134765625e+02,1.459490966796875000e+02,2.604047546386718750e+02,1.743312683105468750e+02,2.275975799560546875e+02,1.419094390869140625e+02,2.487725677490234375e+02,1.787234497070312500e+02,2.349099273681640625e+02,1.786949920654296875e+02,2.553337860107421875e+02,2.071233673095703125e+02,2.352747344970703125e+02,2.074962921142578125e+02,2.669926452636718750e+02,2.282862701416015625e+02,2.381806182861328125e+02,2.348292083740234375e+02
6.200000000000000000e+02,2.289594879150390625e+02,1.197118988037109375e+02,2.322646179199218750e+02,1.175102233886718750e+02,0.000000000000000000e+00,0.000000000000000000e+00,2.410826873779296875e+02,1.190396957397460938e+02,0.000000000000000000e+00,0.000000000000000000e+00,2.496808776855468750e+02,1.349203491210937500e+02,2.320186614990234375e+02,1.351334533691406250e+02,2.558333282470703125e+02,1.551749725341796875e+02,2.188337249755859375e+02,1.448248443603515625e+02,2.582452392578125000e+02,1.734518890380859375e+02,2.266002655029296875e+02,1.401653289794921875e+02,2.461656951904296875e+02,1.778322906494140625e+02,2.327129058837890625e+02,1.771746368408203125e+02,2.482180480957031250e+02,2.062929382324218750e+02,2.340316009521484375e+02,2.075892791748046875e+02,2.635047912597656250e+02,2.254450378417968750e+02,2.382012023925781250e+02,2.346873016357421875e+02
6.210000000000000000e+02,2.277958526611328125e+02,1.195054626464843750e+02,2.308111724853515625e+02,1.171284408569335938e+02,0.000000000000000000e+00,0.000000000000000000e+00,2.398684844970703125e+02,1.190668869018554688e+02,0.000000000000000000e+00,0.000000000000000000e+00,2.478343048095703125e+02,1.347798004150390625e+02,2.308015289306640625e+02,1.350056152343750000e+02,2.542697448730468750e+02,1.545631561279296875e+02,2.177109375000000000e+02,1.442645721435546875e+02,2.568537902832031250e+02,1.732937316894531250e+02,2.238919525146484375e+02,1.399964294433593750e+02,2.435324859619140625e+02,1.778603820800781250e+02,2.312825927734375000e+02,1.776195983886718750e+02,2.450158996582031250e+02,2.056020812988281250e+02,2.330023956298828125e+02,2.079308013916015625e+02,2.597394714355468750e+02,2.235283355712890625e+02,2.385947265625000000e+02,2.345665283203125000e+02
6.220000000000000000e+02,2.269768218994140625e+02,1.186939392089843750e+02,2.302300567626953125e+02,1.165342025756835938e+02,0.000000000000000000e+00,0.000000000000000000e+00,2.384893341064453125e+02,1.185190124511718750e+02,0.000000000000000000e+00,0.000000000000000000e+00,2.463298034667968750e+02,1.342084197998046875e+02,2.282906188964843750e+02,1.343595123291015625e+02,2.524421234130859375e+02,1.544919586181640625e+02,2.155486602783203125e+02,1.440862121582031250e+02,2.552799682617187500e+02,1.730052032470703125e+02,2.250710754394531250e+02,1.380419769287109375e+02,2.409205780029296875e+02,1.773610992431640625e+02,2.285789489746093750e+02,1.761193542480468750e+02,2.373505706787109375e+02,2.069898376464843750e+02,2.317417297363281250e+02,2.074512481689453125e+02,2.392887420654296875e+02,2.353659057617187500e+02,2.373486633300781250e+02,2.346176452636718750e+02
6.230000000000000000e+02,2.253041839599609375e+02,1.184433364868164062e+02,2.283022918701171875e+02,1.160009994506835938e+02,0.000000000000000000e+00,0.000000000000000000e+00,2.365061798095703125e+02,1.181917419433593750e+02,0.000000000000000000e+00,0.000000000000000000e+00,2.444339141845703125e+02,1.337538452148437500e+02,2.271953277587890625e+02,1.340417022705078125e+02,2.504503326416015625e+02,1.542364654541015625e+02,2.138187408447265625e+02,1.441002502441406250e+02,2.528897247314453125e+02,1.725118408203125000e+02,2.231245880126953125e+02,1.376797027587890625e+02,2.395405426025390625e+02,1.771650085449218750e+02,2.280491485595703125e+02,1.769026641845703125e+02,2.350859222412109375e+02,2.063793334960937500e+02,2.313384246826171875e+02,2.064190979003906250e+02,2.378590240478515625e+02,2.348239898681640625e+02,2.413377838134765625e+02,2.305814056396484375e+02
6.240000000000000000e+02,2.243279266357421875e+02,1.182929229736328125e+02,2.268832092285156250e+02,1.153501739501953125e+02,0.000000000000000000e+00,0.000000000000000000e+00,2.353218841552734375e+02,1.179063644409179688e+02,0.000000000000000000e+00,0.000000000000000000e+00,2.426710357666015625e+02,1.333316192626953125e+02,2.261499481201171875e+02,1.333198699951171875e+02,2.488991241455078125e+02,1.546033477783203125e+02,2.129100799560546875e+02,1.435481262207031250e+02,2.514448394775390625e+02,1.733117218017578125e+02,2.218104705810546875e+02,1.363648681640625000e+02,2.386581726074218750e+02,1.776931304931640625e+02,2.272471313476562500e+02,1.773326568603515625e+02,2.393890991210937500e+02,2.059844360351562500e+02,2.316255645751953125e+02,2.070681610107421875e+02,2.445261077880859375e+02,2.334882965087890625e+02,2.381863861083984375e+02,2.338437805175781250e+02
6.250000000000000000e+02,2.217628631591796875e+02,1.176643218994140625e+02,2.250080566406250000e+02,1.155016174316406250e+02,0.000000000000000000e+00,0.000000000000000000e+00,2.328301239013671875e+02,1.173820037841796875e+02,0.000000000000000000e+00,0.000000000000000000e+00,2.403709869384765625e+02,1.335461120605468750e+02,2.244274139404296875e+02,1.338265533447265625e+02,2.465755767822265625e+02,1.543327026367187500e+02,2.110967559814453125e+02,1.446280670166015625e+02,2.487381439208984375e+02,1.732132263183593750e+02,2.195406799316406250e+02,1.372322998046875000e+02,2.360478057861328125e+02,1.772786865234375000e+02,2.252436370849609375e+02,1.775154266357421875e+02,2.360854797363281250e+02,2.075107421875000000e+02,2.293379821777343750e+02,2.083340759277343750e+02,2.395532073974609375e+02,2.357848663330078125e+02,2.363427276611328125e+02,2.355540618896484375e+02
6.260000000000000000e+02,2.206352386474609375e+02,1.174726257324218750e+02,2.233375854492187500e+02,1.152967681884765625e+02,0.000000000000000000e+00,0.000000000000000000e+00,2.314898071289062500e+02,1.177702178955078125e+02,0.000000000000000000e+00,0.000000000000000000e+00,2.387924499511718750e+02,1.340652008056640625e+02,2.227612152099609375e+02,1.340446014404296875e+02,2.445100708007812500e+02,1.554665832519531250e+02,2.099742889404296875e+02,1.443689117431640625e+02,2.463509826660156250e+02,1.744707489013671875e+02,2.182590942382812500e+02,1.375297241210937500e+02,2.344751434326171875e+02,1.782624359130859375e+02,2.238542327880859375e+02,1.779673461914062500e+02,2.333873748779296875e+02,2.076030426025390625e+02,2.276863555908203125e+02,2.080950317382812500e+02,2.373974914550781250e+02,2.349734191894531250e+02,2.320075531005859375e+02,2.343995971679687500e+02
6.270000000000000000e+02,2.185421142578125000e+02,1.179941329956054688e+02,2.215321960449218750e+02,1.155327072143554688e+02,0.000000000000000000e+00,0.000000000000000000e+00,2.300072784423828125e+02,1.182849578857421875e+02,0.000000000000000000e+00,0.000000000000000000e+00,2.376444549560546875e+02,1.343875122070312500e+02,2.218296966552734375e+02,1.346417236328125000e+02,2.428571929931640625e+02,1.556775665283203125e+02,2.086966400146484375e+02,1.445185546875000000e+02,2.442235412597656250e+02,1.745213470458984375e+02,2.177350158691406250e+02,1.373733825683593750e+02,2.338479156494140625e+02,1.780664367675781250e+02,2.232105865478515625e+02,1.780704498291015625e+02,2.321932983398437500e+02,2.075991516113281250e+02,2.275299835205078125e+02,2.081677398681640625e+02,2.348804779052734375e+02,2.345993041992187500e+02,2.302220764160156250e+02,2.343175659179687500e+02
6.280000000000000000e+02,2.178162078857421875e+02,1.187735977172851562e+02,2.207763366699218750e+02,1.158677825927734375e+02,0.000000000000000000e+00,0.000000000000000000e+00,2.292037506103515625e+02,1.188046112060546875e+02,0.000000000000000000e+00,0.000000000000000000e+00,2.368922271728515625e+02,1.349355621337890625e+02,2.211295623779296875e+02,1.353178253173828125e+02,2.416749420166015625e+02,1.562179412841796875e+02,2.079354400634765625e+02,1.441284942626953125e+02,2.424089202880859375e+02,1.745618591308593750e+02,2.161656799316406250e+02,1.382091064453125000e+02,2.325200958251953125e+02,1.793198699951171875e+02,2.229744262695312500e+02,1.789654083251953125e+02,2.280706481933593750e+02,2.086718750000000000e+02,2.311354827880859375e+02,2.082780609130859375e+02,2.237056427001953125e+02,2.365699310302734375e+02,2.387660369873046875e+02,2.350358123779296875e+02
6.290000000000000000e+02,2.163171691894531250e+02,1.191594467163085938e+02,2.193754119873046875e+02,1.169293365478515625e+02,0.000000000000000000e+00,0.000000000000000000e+00,2.280058135986328125e+02,1.191599044799804688e+02,0.000000000000000000e+00,0.000000000000000000e+00,2.352410430908203125e+02,1.347574005126953125e+02,2.202195739746093750e+02,1.355868682861328125e+02,2.402683868408203125e+02,1.567801208496093750e+02,2.070622100830078125e+02,1.445366668701171875e+02,2.413828430175781250e+02,1.762841644287109375e+02,2.112591705322265625e+02,1.380735321044921875e+02,2.308244934082031250e+02,1.796206970214843750e+02,2.219267272949218750e+02,1.788012542724609375e+02,2.277142486572265625e+02,2.083343048095703125e+02,2.257550506591796875e+02,2.083840789794921875e+02,2.227357788085937500e+02,2.375321350097656250e+02,2.383022155761718750e+02,2.353029632568359375e+02
6.300000000000000000e+02,2.153720092773437500e+02,1.194441909790039062e+02,2.180641784667968750e+02,1.165666580200195312e+02,0.000000000000000000e+00,0.000000000000000000e+00,2.265023040771484375e+02,1.188058013916015625e+02,0.000000000000000000e+00,0.000000000000000000e+00,2.335952911376953125e+02,1.356937103271484375e+02,2.193946838378906250e+02,1.359196624755859375e+02,2.383002929687500000e+02,1.575085449218750000e+02,2.060400848388671875e+02,1.445797271728515625e+02,2.391791839599609375e+02,1.768422698974609375e+02,0.000000000000000000e+00,0.000000000000000000e+00,2.291983642578125000e+02,1.797668457031250000e+02,2.200527496337890625e+02,1.788531799316406250e+02,2.303144989013671875e+02,2.077822723388671875e+02,2.228262023925781250e+02,2.079953613281250000e+02,2.364926910400390625e+02,2.343433380126953125e+02,2.220028533935546875e+02,2.368240509033203125e+02
6.310000000000000000e+02,2.143806915283203125e+02,1.190399780273437500e+02,2.170693969726562500e+02,1.167983551025390625e+02,0.000000000000000000e+00,0.000000000000000000e+00,2.256135406494140625e+02,1.192693481445312500e+02,0.000000000000000000e+00,0.000000000000000000e+00,2.325700378417968750e+02,1.358946685791015625e+02,2.184323272705078125e+02,1.359036102294921875e+02,2.366285705566406250e+02,1.579539642333984375e+02,2.053493041992187500e+02,1.442426605224609375e+02,2.370635528564453125e+02,1.774963684082031250e+02,0.000000000000000000e+00,0.000000000000000000e+00,2.267464752197265625e+02,1.793054351806640625e+02,2.172753601074218750e+02,1.783994903564453125e+02,2.257993316650390625e+02,2.078640899658203125e+02,2.216154785156250000e+02,2.077193145751953125e+02,2.215652923583984375e+02,2.374488067626953125e+02,2.363798675537109375e+02,2.334802703857421875e+02
6.320000000000000000e+02,2.138587799072265625e+02,1.185059509277343750e+02,2.164709014892578125e+02,1.160736083984375000e+02,0.000000000000000000e+00,0.000000000000000000e+00,2.245251922607421875e+02,1.188908081054687500e+02,0.000000000000000000e+00,0.000000000000000000e+00,2.312637786865234375e+02,1.353504943847656250e+02,2.181650543212890625e+02,1.355405273437500000e+02,2.349996490478515625e+02,1.574166259765625000e+02,2.046673126220703125e+02,1.447297973632812500e+02,2.351855621337890625e+02,1.772548980712890625e+02,0.000000000000000000e+00,0.000000000000000000e+00,2.254631805419921875e+02,1.795034027099609375e+02,2.162900848388671875e+02,1.787706909179687500e+02,2.246985321044921875e+02,2.078106689453125000e+02,2.194216918945312500e+02,2.079680938720703125e+02,2.252019195556640625e+02,2.357948150634765625e+02,2.351133880615234375e+02,2.320552520751953125e+02
6.330000000000000000e+02,2.131198425292968750e+02,1.179745941162109375e+02,2.157736816406250000e+02,1.156068191528320312e+02,0.000000000000000000e+00,0.000000000000000000e+00,2.238354034423828125e+02,1.183011474609375000e+02,0.000000000000000000e+00,0.000000000000000000e+00,2.304415893554687500e+02,1.345075836181640625e+02,2.169024963378906250e+02,1.349870300292968750e+02,2.339014282226562500e+02,1.562217712402343750e+02,2.047124633789062500e+02,1.442769775390625000e+02,2.337441711425781250e+02,1.754318847656250000e+02,2.010205535888671875e+02,1.376844329833984375e+02,2.243042297363281250e+02,1.783022918701171875e+02,2.149947357177734375e+02,1.774991912841796875e+02,2.221161956787109375e+02,2.066316375732421875e+02,2.187836456298828125e+02,2.065967254638671875e+02,2.238341827392578125e+02,2.356685485839843750e+02,2.340689849853515625e+02,2.303834228515625000e+02
6.340000000000000000e+02,2.123024902343750000e+02,1.177768554687500000e+02,2.149212493896484375e+02,1.156027679443359375e+02,0.000000000000000000e+00,0.000000000000000000e+00,2.229730377197265625e+02,1.179024963378906250e+02,0.000000000000000000e+00,0.000000000000000000e+00,2.293383026123046875e+02,1.343287963867187500e+02,2.163114166259765625e+02,1.346495513916015625e+02,2.329026947021484375e+02,1.560124816894531250e+02,2.043167724609375000e+02,1.439373321533203125e+02,2.322517852783203125e+02,1.755285644531250000e+02,2.010160369873046875e+02,1.379497680664062500e+02,2.233110961914062500e+02,1.785018157958984375e+02,2.133747711181640625e+02,1.777445831298828125e+02,2.210880279541015625e+02,2.071759643554687500e+02,2.171445159912109375e+02,2.067808532714843750e+02,2.211371154785156250e+02,2.368916625976562500e+02,2.270783691406250000e+02,2.327437591552734375e+02
6.350000000000000000e+02,2.114774169921875000e+02,1.174798736572265625e+02,2.141608276367187500e+02,1.150922470092773438e+02,0.000000000000000000e+00,0.000000000000000000e+00,2.221016387939453125e+02,1.175856781005859375e+02,0.000000000000000000e+00,0.000000000000000000e+00,2.283212738037109375e+02,1.338262939453125000e+02,2.156436920166015625e+02,1.343988952636718750e+02,2.316121215820312500e+02,1.559161834716796875e+02,2.030006713867187500e+02,1.433597106933593750e+02,2.315529632568359375e+02,1.752249298095703125e+02,2.001923522949218750e+02,1.377328643798828125e+02,2.223788604736328125e+02,1.785320587158203125e+02,2.129658660888671875e+02,1.772892761230468750e+02,2.202576599121093750e+02,2.070469360351562500e+02,2.184897308349609375e+02,2.067028503417968750e+02,2.206809692382812500e+02,2.369501953125000000e+02,2.317297668457031250e+02,2.298088073730468750e+02
6.360000000000000000e+02,2.105468444824218750e+02,1.174442291259765625e+02,2.131463317871093750e+02,1.149261932373046875e+02,0.000000000000000000e+00,0.000000000000000000e+00,2.211952056884765625e+02,1.176462402343750000e+02,0.000000000000000000e+00,0.000000000000000000e+00,2.275400390625000000e+02,1.339703979492187500e+02,2.154522247314453125e+02,1.342599334716796875e+02,2.308389892578125000e+02,1.559290618896484375e+02,2.020603332519531250e+02,1.433829498291015625e+02,2.305119018554687500e+02,1.755335235595703125e+02,2.007531890869140625e+02,1.377256927490234375e+02,2.212981872558593750e+02,1.787024383544921875e+02,2.126331634521484375e+02,1.778789215087890625e+02,2.190824890136718750e+02,2.072129364013671875e+02,2.183795776367187500e+02,2.062889251708984375e+02,2.202248687744140625e+02,2.377799224853515625e+02,2.316372070312500000e+02,2.304117279052734375e+02
6.370000000000000000e+02,2.104816894531250000e+02,1.175586242675781250e+02,2.130750885009765625e+02,1.151105957031250000e+02,0.000000000000000000e+00,0.000000000000000000e+00,2.213262634277343750e+02,1.177918319702148438e+02,0.000000000000000000e+00,0.000000000000000000e+00,2.272130737304687500e+02,1.338445281982421875e+02,2.154054107666015625e+02,1.342663421630859375e+02,2.303350372314453125e+02,1.558576354980468750e+02,2.023023986816406250e+02,1.434972991943359375e+02,2.298003387451171875e+02,1.754451293945312500e+02,0.000000000000000000e+00,0.000000000000000000e+00,2.208028869628906250e+02,1.785968322753906250e+02,2.122667694091796875e+02,1.770743865966796875e+02,2.183629913330078125e+02,2.072677154541015625e+02,2.186155242919921875e+02,2.065706481933593750e+02,2.205436553955078125e+02,2.373158416748046875e+02,2.300243835449218750e+02,2.310492401123046875e+02
6.380000000000000000e+02,2.090379486083984375e+02,1.171636276245117188e+02,2.120980224609375000e+02,1.148322219848632812e+02,0.000000000000000000e+00,0.000000000000000000e+00,2.199754333496093750e+02,1.175831985473632812e+02,0.000000000000000000e+00,0.000000000000000000e+00,2.257050781250000000e+02,1.338215332031250000e+02,2.150876007080078125e+02,1.337686004638671875e+02,2.288896331787109375e+02,1.559443511962890625e+02,2.012868652343750000e+02,1.437432250976562500e+02,2.283650360107421875e+02,1.751975097656250000e+02,0.000000000000000000e+00,0.000000000000000000e+00,2.196536102294921875e+02,1.780084686279296875e+02,2.122431335449218750e+02,1.775621032714843750e+02,2.171292114257812500e+02,2.073315887451171875e+02,2.195344543457031250e+02,2.061263427734375000e+02,2.201640319824218750e+02,2.376218109130859375e+02,2.292085266113281250e+02,2.314888916015625000e+02
6.390000000000000000e+02,2.087081298828125000e+02,1.174533081054687500e+02,2.116944122314453125e+02,1.150352096557617188e+02,0.000000000000000000e+00,0.000000000000000000e+00,2.195889587402343750e+02,1.171273345947265625e+02,0.000000000000000000e+00,0.000000000000000000e+00,2.242224731445312500e+02,1.337627410888671875e+02,2.145214080810546875e+02,1.337435760498046875e+02,2.280677032470703125e+02,1.554338226318359375e+02,2.005436706542968750e+02,1.440588684082031250e+02,2.273983612060546875e+02,1.752589263916015625e+02,0.000000000000000000e+00,0.000000000000000000e+00,2.182155151367187500e+02,1.779734039306640625e+02,2.124900665283203125e+02,1.777320098876953125e+02,2.164094696044921875e+02,2.073883666992187500e+02,2.197229614257812500e+02,2.064393920898437500e+02,2.202665405273437500e+02,2.380501708984375000e+02,2.271651763916015625e+02,2.331813201904296875e+02
6.400000000000000000e+02,2.082511138916015625e+02,1.174341659545898438e+02,2.109362945556640625e+02,1.150350646972656250e+02,0.000000000000000000e+00,0.000000000000000000e+00,2.185069274902343750e+02,1.174438934326171875e+02,0.000000000000000000e+00,0.000000000000000000e+00,2.243151245117187500e+02,1.335169982910156250e+02,2.133383178710937500e+02,1.337138366699218750e+02,2.274928588867187500e+02,1.562877655029296875e+02,2.002963256835937500e+02,1.445408935546875000e+02,2.265858001708984375e+02,1.757040557861328125e+02,0.000000000000000000e+00,0.000000000000000000e+00,2.173525390625000000e+02,1.778652343750000000e+02,2.111106872558593750e+02,1.782687225341796875e+02,2.155549163818359375e+02,2.079624786376953125e+02,2.170887298583984375e+02,2.069167633056640625e+02,2.202625579833984375e+02,2.375069122314453125e+02,2.262173309326171875e+02,2.337587585449218750e+02
6.410000000000000000e+02,2.080782470703125000e+02,1.173662719726562500e+02,2.104546051025390625e+02,1.151832580566406250e+02,0.000000000000000000e+00,0.000000000000000000e+00,2.184509124755859375e+02,1.175559310913085938e+02,0.000000000000000000e+00,0.000000000000000000e+00,2.238898315429687500e+02,1.337134552001953125e+02,2.141209564208984375e+02,1.337139892578125000e+02,2.264341278076171875e+02,1.558599090576171875e+02,0.000000000000000000e+00,0.000000000000000000e+00,2.257131500244140625e+02,1.754781036376953125e+02,0.000000000000000000e+00,0.000000000000000000e+00,2.173643493652343750e+02,1.791044769287109375e+02,2.106823730468750000e+02,1.785986938476562500e+02,2.161071319580078125e+02,2.087107086181640625e+02,2.135545501708984375e+02,2.083295288085937500e+02,2.209742889404296875e+02,2.381798095703125000e+02,2.216525878906250000e+02,2.370476379394531250e+02
6.420000000000000000e+02,2.073847198486328125e+02,1.174758605957031250e+02,2.099198150634765625e+02,1.147523651123046875e+02,0.000000000000000000e+00,0.000000000000000000e+00,2.177515106201171875e+02,1.174802856445312500e+02,0.000000000000000000e+00,0.000000000000000000e+00,2.230044403076171875e+02,1.335068511962890625e+02,2.133715515136718750e+02,1.336817779541015625e+02,2.253788146972656250e+02,1.556864013671875000e+02,0.000000000000000000e+00,0.000000000000000000e+00,2.246188507080078125e+02,1.753190612792968750e+02,0.000000000000000000e+00,0.000000000000000000e+00,2.172018890380859375e+02,1.785678100585937500e+02,2.103089599609375000e+02,1.782688140869140625e+02,2.183413085937500000e+02,2.080836791992187500e+02,2.113334808349609375e+02,2.078773956298828125e+02,2.220918121337890625e+02,2.379149017333984375e+02,2.178311157226562500e+02,2.364623260498046875e+02
6.430000000000000000e+02,2.068016510009765625e+02,1.172736206054687500e+02,2.093404388427734375e+02,1.148831939697265625e+02,0.000000000000000000e+00,0.000000000000000000e+00,2.172068176269531250e+02,1.170786285400390625e+02,0.000000000000000000e+00,0.000000000000000000e+00,2.228318481445312500e+02,1.334953613281250000e+02,2.131803894042968750e+02,1.336845245361328125e+02,2.248402862548828125e+02,1.559067535400390625e+02,0.000000000000000000e+00,0.000000000000000000e+00,2.239236907958984375e+02,1.754217376708984375e+02,0.000000000000000000e+00,0.000000000000000000e+00,2.172334442138671875e+02,1.790131988525390625e+02,2.101192626953125000e+02,1.785287170410156250e+02,2.190632171630859375e+02,2.079001922607421875e+02,2.108383636474609375e+02,2.075438385009765625e+02,2.219100799560546875e+02,2.378227996826171875e+02,2.159623260498046875e+02,2.356265106201171875e+02
6.440000000000000000e+02,2.066306457519531250e+02,1.178221740722656250e+02,2.088024902343750000e+02,1.154208068847656250e+02,0.000000000000000000e+00,0.000000000000000000e+00,2.167895812988281250e+02,1.173542251586914062e+02,0.000000000000000000e+00,0.000000000000000000e+00,2.224045715332031250e+02,1.337545318603515625e+02,2.135868988037109375e+02,1.337322998046875000e+02,2.238855743408203125e+02,1.559595642089843750e+02,0.000000000000000000e+00,0.000000000000000000e+00,2.227976226806640625e+02,1.756065673828125000e+02,0.000000000000000000e+00,0.000000000000000000e+00,2.165742645263671875e+02,1.787991333007812500e+02,2.098619537353515625e+02,1.786115875244140625e+02,2.179608917236328125e+02,2.075656127929687500e+02,2.103020477294921875e+02,2.077110290527343750e+02,2.207559051513671875e+02,2.375556030273437500e+02,2.144450988769531250e+02,2.356269989013671875e+02
6.450000000000000000e+02,2.057782745361328125e+02,1.181376113891601562e+02,2.084090881347656250e+02,1.149816360473632812e+02,0.000000000000000000e+00,0.000000000000000000e+00,2.160692443847656250e+02,1.172221679687500000e+02,0.000000000000000000e+00,0.000000000000000000e+00,2.212430572509765625e+02,1.334197540283203125e+02,2.128277740478515625e+02,1.336215820312500000e+02,2.231024322509765625e+02,1.559552001953125000e+02,0.000000000000000000e+00,0.000000000000000000e+00,2.218108367919921875e+02,1.755108642578125000e+02,0.000000000000000000e+00,0.000000000000000000e+00,2.161074371337890625e+02,1.786591949462890625e+02,2.089431152343750000e+02,1.783061065673828125e+02,2.189575347900390625e+02,2.075317077636718750e+02,2.096931304931640625e+02,2.075211791992187500e+02,2.216390838623046875e+02,2.377124176025390625e+02,2.124978790283203125e+02,2.354723205566406250e+02
6.460000000000000000e+02,2.055852813720703125e+02,1.174246444702148438e+02,2.078135986328125000e+02,1.149979934692382812e+02,0.000000000000000000e+00,0.000000000000000000e+00,2.154479522705078125e+02,1.172294464111328125e+02,0.000000000000000000e+00,0.000000000000000000e+00,2.210368194580078125e+02,1.332843322753906250e+02,2.125819244384765625e+02,1.332849731445312500e+02,2.230858001708984375e+02,1.558408508300781250e+02,0.000000000000000000e+00,0.000000000000000000e+00,2.219885101318359375e+02,1.754484710693359375e+02,0.000000000000000000e+00,0.000000000000000000e+00,2.151006622314453125e+02,1.784520721435546875e+02,2.083318328857421875e+02,1.782532043457031250e+02,2.179939422607421875e+02,2.075802917480468750e+02,2.088972015380859375e+02,2.075398864746093750e+02,2.208423309326171875e+02,2.375847167968750000e+02,2.122206726074218750e+02,2.353056182861328125e+02
6.470000000000000000e+02,2.047290649414062500e+02,1.183626861572265625e+02,2.072665405273437500e+02,1.153884277343750000e+02,0.000000000000000000e+00,0.000000000000000000e+00,2.150487670898437500e+02,1.172240982055664062e+02,0.000000000000000000e+00,0.000000000000000000e+00,2.205171356201171875e+02,1.332547149658203125e+02,2.120895385742187500e+02,1.337020263671875000e+02,2.223688507080078125e+02,1.558853607177734375e+02,0.000000000000000000e+00,0.000000000000000000e+00,2.212220611572265625e+02,1.755561676025390625e+02,2.009798278808593750e+02,1.413695526123046875e+02,2.150798645019531250e+02,1.787815856933593750e+02,2.077310028076171875e+02,1.778587036132812500e+02,2.185191802978515625e+02,2.073563690185546875e+02,2.088878021240234375e+02,2.073566741943359375e+02,2.216912689208984375e+02,2.377828216552734375e+02,2.125201721191406250e+02,2.354845581054687500e+02
6.480000000000000000e+02,2.038250274658203125e+02,1.187364654541015625e+02,2.060776214599609375e+02,1.162015151977539062e+02,0.000000000000000000e+00,0.000000000000000000e+00,2.139259185791015625e+02,1.173344879150390625e+02,0.000000000000000000e+00,0.000000000000000000e+00,2.200928192138671875e+02,1.333441467285156250e+02,2.119543762207031250e+02,1.333389434814453125e+02,2.215114135742187500e+02,1.557774658203125000e+02,0.000000000000000000e+00,0.000000000000000000e+00,2.203755950927734375e+02,1.751345977783203125e+02,1.999875183105468750e+02,1.401697692871093750e+02,2.139698333740234375e+02,1.782598571777343750e+02,2.066453247070312500e+02,1.779971313476562500e+02,2.173811492919921875e+02,2.077293395996093750e+02,2.083271942138671875e+02,2.076789398193359375e+02,2.212189025878906250e+02,2.377319793701171875e+02,2.122656250000000000e+02,2.363360900878906250e+02
6.490000000000000000e+02,2.036749114990234375e+02,1.184000167846679688e+02,2.059051208496093750e+02,1.155860748291015625e+02,0.000000000000000000e+00,0.000000000000000000e+00,2.139539337158203125e+02,1.172415161132812500e+02,0.000000000000000000e+00,0.000000000000000000e+00,2.195314025878906250e+02,1.327896270751953125e+02,2.117019500732421875e+02,1.331760406494140625e+02,2.208872680664062500e+02,1.555706329345703125e+02,0.000000000000000000e+00,0.000000000000000000e+00,2.198052062988281250e+02,1.749869232177734375e+02,2.000174713134765625e+02,1.408261260986328125e+02,2.131407775878906250e+02,1.782888641357421875e+02,2.063967285156250000e+02,1.777672729492187500e+02,2.179036102294921875e+02,2.077832489013671875e+02,2.089522857666015625e+02,2.080048370361328125e+02,2.216952514648437500e+02,2.377240447998046875e+02,2.120117034912109375e+02,2.360732269287109375e+02
6.500000000000000000e+02,2.029789581298828125e+02,1.193200988769531250e+02,2.054185333251953125e+02,1.163073425292968750e+02,0.000000000000000000e+00,0.000000000000000000e+00,2.133609619140625000e+02,1.176402511596679688e+02,0.000000000000000000e+00,0.000000000000000000e+00,2.191810913085937500e+02,1.330443572998046875e+02,2.109339904785156250e+02,1.333420715332031250e+02,2.199962310791015625e+02,1.560999145507812500e+02,1.992331085205078125e+02,1.513159637451171875e+02,2.197339324951171875e+02,1.750168304443359375e+02,1.981953277587890625e+02,1.419265747070312500e+02,2.128602447509765625e+02,1.780677490234375000e+02,2.054092864990234375e+02,1.780762786865234375e+02,2.169925689697265625e+02,2.079350128173828125e+02,2.081973571777343750e+02,2.079221649169921875e+02,2.215599822998046875e+02,2.376031036376953125e+02,2.120541839599609375e+02,2.356842346191406250e+02
6.510000000000000000e+02,2.018697967529296875e+02,1.189057617187500000e+02,2.040503997802734375e+02,1.161184768676757812e+02,0.000000000000000000e+00,0.000000000000000000e+00,2.124398345947265625e+02,1.169705200195312500e+02,0.000000000000000000e+00,0.000000000000000000e+00,2.178475494384765625e+02,1.327306060791015625e+02,2.090572662353515625e+02,1.331389465332031250e+02,2.191450042724609375e+02,1.558019256591796875e+02,1.973342132568359375e+02,1.510056304931640625e+02,2.184860229492187500e+02,1.745764617919921875e+02,1.970908660888671875e+02,1.424738616943359375e+02,2.122640228271484375e+02,1.773914337158203125e+02,2.042139739990234375e+02,1.771927337646484375e+02,2.161602783203125000e+02,2.071826934814453125e+02,2.079423370361328125e+02,2.075854034423828125e+02,2.210265350341796875e+02,2.371806182861328125e+02,2.115830841064453125e+02,2.354284515380859375e+02
6.520000000000000000e+02,2.015365142822265625e+02,1.194462890625000000e+02,2.041367034912109375e+02,1.164634780883789062e+02,0.000000000000000000e+00,0.000000000000000000e+00,2.120020599365234375e+02,1.169119720458984375e+02,0.000000000000000000e+00,0.000000000000000000e+00,2.173565063476562500e+02,1.333796234130859375e+02,2.085727996826171875e+02,1.329473114013671875e+02,2.184248809814453125e+02,1.560159454345703125e+02,1.968448944091796875e+02,1.514753265380859375e+02,2.181816711425781250e+02,1.748016510009765625e+02,1.960107269287109375e+02,1.425686187744140625e+02,2.115865020751953125e+02,1.777845916748046875e+02,2.036965789794921875e+02,1.775472106933593750e+02,2.158442993164062500e+02,2.076984710693359375e+02,2.077563629150390625e+02,2.076925659179687500e+02,2.218149566650390625e+02,2.374246368408203125e+02,2.118022003173828125e+02,2.352781219482421875e+02
6.530000000000000000e+02,2.011802215576171875e+02,1.196500167846679688e+02,2.034362335205078125e+02,1.164384613037109375e+02,2.007793121337890625e+02,1.172855682373046875e+02,2.113394165039062500e+02,1.166629257202148438e+02,0.000000000000000000e+00,0.000000000000000000e+00,2.162706451416015625e+02,1.328630065917968750e+02,2.062563629150390625e+02,1.331213531494140625e+02,2.179784088134765625e+02,1.552581024169921875e+02,1.963271942138671875e+02,1.519011535644531250e+02,2.177895965576171875e+02,1.749541473388671875e+02,1.954187622070312500e+02,1.420862426757812500e+02,2.109812927246093750e+02,1.772694549560546875e+02,2.030129852294921875e+02,1.764520874023437500e+02,2.147824249267578125e+02,2.064984588623046875e+02,2.072884674072265625e+02,2.076683959960937500e+02,2.215501708984375000e+02,2.374389190673828125e+02,2.116884460449218750e+02,2.355505981445312500e+02
6.540000000000000000e+02,2.001767425537109375e+02,1.200481262207031250e+02,2.026373138427734375e+02,1.171982574462890625e+02,1.996987152099609375e+02,1.176139221191406250e+02,2.098774414062500000e+02,1.173889389038085938e+02,0.000000000000000000e+00,0.000000000000000000e+00,2.150823516845703125e+02,1.331452789306640625e+02,2.056708221435546875e+02,1.331564178466796875e+02,2.169345245361328125e+02,1.554908752441406250e+02,1.944425811767578125e+02,1.522487487792968750e+02,2.175547637939453125e+02,1.749496612548828125e+02,1.941963348388671875e+02,1.428211822509765625e+02,2.105242156982421875e+02,1.776129150390625000e+02,2.023987121582031250e+02,1.769491729736328125e+02,2.148816986083984375e+02,2.074879608154296875e+02,2.070138092041015625e+02,2.078381652832031250e+02,2.210734100341796875e+02,2.373095550537109375e+02,2.115653533935546875e+02,2.354472503662109375e+02
6.550000000000000000e+02,1.996509857177734375e+02,1.203030776977539062e+02,2.021284332275390625e+02,1.171604995727539062e+02,1.985908966064453125e+02,1.178332672119140625e+02,2.098137054443359375e+02,1.175749664306640625e+02,0.000000000000000000e+00,0.000000000000000000e+00,2.141916046142578125e+02,1.328009033203125000e+02,2.047913208007812500e+02,1.335064392089843750e+02,2.165187683105468750e+02,1.556696014404296875e+02,1.953552551269531250e+02,1.542374114990234375e+02,2.171097564697265625e+02,1.748194732666015625e+02,1.935989685058593750e+02,1.429943084716796875e+02,2.096071624755859375e+02,1.772915954589843750e+02,2.020389862060546875e+02,1.770811614990234375e+02,2.141998138427734375e+02,2.070997314453125000e+02,2.065259857177734375e+02,2.075099029541015625e+02,2.208715209960937500e+02,2.368760528564453125e+02,2.111043853759765625e+02,2.355771942138671875e+02
6.560000000000000000e+02,1.991265106201171875e+02,1.202647094726562500e+02,2.016468353271484375e+02,1.171389541625976562e+02,1.974669647216796875e+02,1.175718231201171875e+02,2.086700592041015625e+02,1.178001708984375000e+02,0.000000000000000000e+00,0.000000000000000000e+00,2.130261077880859375e+02,1.333347320556640625e+02,2.041138153076171875e+02,1.337935485839843750e+02,2.159405517578125000e+02,1.558955383300781250e+02,0.000000000000000000e+00,0.000000000000000000e+00,2.171862335205078125e+02,1.753502807617187500e+02,1.935636749267578125e+02,1.434553680419921875e+02,2.090423736572265625e+02,1.779729919433593750e+02,2.017711944580078125e+02,1.777791290283203125e+02,2.132125701904296875e+02,2.070754852294921875e+02,2.063660583496093750e+02,2.074631195068359375e+02,2.194356842041015625e+02,2.366855926513671875e+02,2.110083465576171875e+02,2.358818359375000000e+02
6.570000000000000000e+02,1.985055847167968750e+02,1.202950744628906250e+02,2.012161407470703125e+02,1.171584625244140625e+02,1.966427612304687500e+02,1.175986557006835938e+02,2.077841644287109375e+02,1.180521240234375000e+02,0.000000000000000000e+00,0.000000000000000000e+00,2.122018737792968750e+02,1.333801269531250000e+02,2.030753936767578125e+02,1.340211486816406250e+02,2.157691345214843750e+02,1.559791412353515625e+02,0.000000000000000000e+00,0.000000000000000000e+00,2.169842987060546875e+02,1.752430572509765625e+02,1.944590301513671875e+02,1.429166870117187500e+02,2.084387664794921875e+02,1.782548217773437500e+02,2.019725799560546875e+02,1.784360656738281250e+02,2.122134094238281250e+02,2.078387756347656250e+02,2.065930023193359375e+02,2.082196502685546875e+02,2.156840209960937500e+02,2.370826568603515625e+02,2.125248565673828125e+02,2.354625396728515625e+02
6.580000000000000000e+02,1.972661743164062500e+02,1.201391143798828125e+02,2.002522277832031250e+02,1.171913909912109375e+02,1.954237670898437500e+02,1.177142944335937500e+02,2.069713745117187500e+02,1.182618255615234375e+02,0.000000000000000000e+00,0.000000000000000000e+00,2.107394866943359375e+02,1.336104583740234375e+02,2.010440521240234375e+02,1.341813964843750000e+02,2.150554962158203125e+02,1.554206848144531250e+02,0.000000000000000000e+00,0.000000000000000000e+00,2.158547363281250000e+02,1.745420989990234375e+02,0.000000000000000000e+00,0.000000000000000000e+00,2.074708404541015625e+02,1.782078704833984375e+02,2.007446899414062500e+02,1.777422180175781250e+02,2.080398406982421875e+02,2.068252410888671875e+02,2.050807037353515625e+02,2.070927581787109375e+02,2.138423919677734375e+02,2.362573089599609375e+02,2.137957458496093750e+02,2.353543853759765625e+02
6.590000000000000000e+02,1.966958160400390625e+02,1.199524688720703125e+02,1.988321380615234375e+02,1.173787994384765625e+02,1.945559387207031250e+02,1.175835418701171875e+02,2.056678466796875000e+02,1.180358276367187500e+02,0.000000000000000000e+00,0.000000000000000000e+00,2.101351318359375000e+02,1.336016235351562500e+02,2.001532592773437500e+02,1.340216369628906250e+02,2.137634735107421875e+02,1.555528869628906250e+02,0.000000000000000000e+00,0.000000000000000000e+00,2.152526245117187500e+02,1.743114318847656250e+02,0.000000000000000000e+00,0.000000000000000000e+00,2.061202392578125000e+02,1.776902618408203125e+02,1.992278594970703125e+02,1.771104888916015625e+02,2.080736694335937500e+02,2.072636718750000000e+02,2.023828582763671875e+02,2.076010437011718750e+02,2.138401794433593750e+02,2.365749969482421875e+02,2.113382415771484375e+02,2.357433929443359375e+02
6.600000000000000000e+02,1.948639831542968750e+02,1.202205047607421875e+02,1.977197570800781250e+02,1.176499404907226562e+02,1.934283599853515625e+02,1.179322509765625000e+02,2.040117492675781250e+02,1.187980880737304688e+02,0.000000000000000000e+00,0.000000000000000000e+00,2.086298675537109375e+02,1.339754486083984375e+02,1.980084228515625000e+02,1.345282135009765625e+02,2.128854980468750000e+02,1.557216339111328125e+02,0.000000000000000000e+00,0.000000000000000000e+00,2.143249053955078125e+02,1.743194122314453125e+02,1.901630554199218750e+02,1.448523559570312500e+02,2.046023406982421875e+02,1.777577514648437500e+02,1.965683441162109375e+02,1.777540435791015625e+02,2.086287994384765625e+02,2.075249786376953125e+02,2.003710784912109375e+02,2.080789794921875000e+02,2.121725921630859375e+02,2.367682037353515625e+02,2.070400695800781250e+02,2.352941589355468750e+02
6.610000000000000000e+02,1.899643402099609375e+02,1.195186386108398438e+02,1.937567443847656250e+02,1.160672149658203125e+02,1.879229278564453125e+02,1.154555435180664062e+02,2.013735046386718750e+02,1.168346023559570312e+02,0.000000000000000000e+00,0.000000000000000000e+00,2.074592590332031250e+02,1.343894805908203125e+02,1.993882751464843750e+02,1.351803131103515625e+02,2.124784698486328125e+02,1.561629943847656250e+02,1.983326416015625000e+02,1.641130065917968750e+02,2.139816436767578125e+02,1.743663787841796875e+02,0.000000000000000000e+00,0.000000000000000000e+00,2.040769348144531250e+02,1.789798736572265625e+02,1.970900268554687500e+02,1.791293487548828125e+02,0.000000000000000000e+00,0.000000000000000000e+00,0.000000000000000000e+00,0.000000000000000000e+00,1.873213043212890625e+02,2.428590240478515625e+02,0.000000000000000000e+00,0.000000000000000000e+00
6.620000000000000000e+02,2.127095184326171875e+02,1.084030761718750000e+02,2.134149780273437500e+02,1.050647964477539062e+02,2.087943115234375000e+02,1.056137695312500000e+02,0.000000000000000000e+00,0.000000000000000000e+00,2.002548522949218750e+02,1.098068695068359375e+02,2.049542694091796875e+02,1.293567810058593750e+02,1.987491455078125000e+02,1.292552947998046875e+02,0.000000000000000000e+00,0.000000000000000000e+00,2.068036956787109375e+02,1.603259429931640625e+02,0.000000000000000000e+00,0.000000000000000000e+00,2.220089569091796875e+02,1.561776275634765625e+02,2.064019012451171875e+02,1.747148742675781250e+02,1.957669219970703125e+02,1.746775665283203125e+02,2.168012237548828125e+02,2.061629180908203125e+02,1.959186248779296875e+02,2.093525695800781250e+02,2.133682250976562500e+02,2.369236450195312500e+02,1.857577972412109375e+02,2.441965942382812500e+02
6.630000000000000000e+02,2.280617218017578125e+02,1.053059082031250000e+02,2.280639495849609375e+02,1.016265563964843750e+02,2.227985229492187500e+02,1.020338745117187500e+02,0.000000000000000000e+00,0.000000000000000000e+00,2.130232086181640625e+02,1.065321655273437500e+02,2.208166046142578125e+02,1.251820831298828125e+02,2.134646759033203125e+02,1.268526763916015625e+02,0.000000000000000000e+00,0.000000000000000000e+00,2.159563751220703125e+02,1.516576995849609375e+02,0.000000000000000000e+00,0.000000000000000000e+00,2.394487457275390625e+02,1.464059906005859375e+02,2.190911712646484375e+02,1.720969390869140625e+02,2.073233489990234375e+02,1.732955932617187500e+02,2.383268890380859375e+02,1.954692840576171875e+02,2.008067626953125000e+02,2.082486877441406250e+02,0.000000000000000000e+00,0.000000000000000000e+00,1.869671173095703125e+02,2.432480010986328125e+02
6.640000000000000000e+02,2.415420074462890625e+02,1.027038574218750000e+02,2.420459136962890625e+02,9.910869598388671875e+01,2.366799774169921875e+02,1.000697250366210938e+02,0.000000000000000000e+00,0.000000000000000000e+00,2.278905181884765625e+02,1.027073745727539062e+02,2.358227996826171875e+02,1.198780899047851562e+02,2.252006683349609375e+02,1.216757507324218750e+02,0.000000000000000000e+00,0.000000000000000000e+00,2.230010528564453125e+02,1.427951507568359375e+02,0.000000000000000000e+00,0.000000000000000000e+00,2.463034057617187500e+02,1.383727874755859375e+02,2.398283233642578125e+02,1.690987243652343750e+02,2.243945465087890625e+02,1.704807586669921875e+02,2.549060211181640625e+02,1.893029632568359375e+02,2.103417816162109375e+02,2.047679290771484375e+02,2.303257141113281250e+02,2.080423431396484375e+02,1.914023742675781250e+02,2.390634918212890625e+02
6.650000000000000000e+02,2.569352416992187500e+02,1.024079284667968750e+02,2.581035766601562500e+02,9.867127227783203125e+01,2.526907196044921875e+02,9.876736450195312500e+01,0.000000000000000000e+00,0.000000000000000000e+00,2.435599212646484375e+02,1.012107162475585938e+02,2.465959320068359375e+02,1.176627960205078125e+02,2.374592132568359375e+02,1.188976974487304688e+02,0.000000000000000000e+00,0.000000000000000000e+00,2.417518310546875000e+02,1.384189910888671875e+02,0.000000000000000000e+00,0.000000000000000000e+00,2.624391479492187500e+02,1.310695037841796875e+02,2.502512054443359375e+02,1.657816162109375000e+02,2.350175628662109375e+02,1.658229217529296875e+02,2.715844421386718750e+02,1.871268463134765625e+02,2.215320281982421875e+02,1.974605102539062500e+02,2.551378631591796875e+02,2.187955474853515625e+02,2.090375823974609375e+02,2.337090911865234375e+02
6.660000000000000000e+02,2.735152893066406250e+02,1.007522430419921875e+02,0.000000000000000000e+00,0.000000000000000000e+00,2.701577758789062500e+02,9.699230194091796875e+01,0.000000000000000000e+00,0.000000000000000000e+00,2.592978210449218750e+02,9.862725067138671875e+01,2.605504150390625000e+02,1.166223144531250000e+02,2.517818756103515625e+02,1.165894622802734375e+02,0.000000000000000000e+00,0.000000000000000000e+00,2.580615539550781250e+02,1.332878570556640625e+02,0.000000000000000000e+00,0.000000000000000000e+00,2.747676391601562500e+02,1.295146026611328125e+02,2.626131286621093750e+02,1.636908721923828125e+02,2.484498443603515625e+02,1.633017120361328125e+02,2.855479431152343750e+02,1.883429260253906250e+02,2.412608032226562500e+02,1.929261016845703125e+02,2.797952270507812500e+02,2.271934051513671875e+02,2.088587341308593750e+02,2.187567901611328125e+02
6.670000000000000000e+02,2.867586669921875000e+02,1.010433273315429688e+02,0.000000000000000000e+00,0.000000000000000000e+00,2.837991638183593750e+02,9.723869323730468750e+01,0.000000000000000000e+00,0.000000000000000000e+00,2.745740356445312500e+02,9.849180603027343750e+01,2.743323059082031250e+02,1.141657714843750000e+02,2.703480224609375000e+02,1.144234466552734375e+02,0.000000000000000000e+00,0.000000000000000000e+00,2.717315979003906250e+02,1.334832458496093750e+02,0.000000000000000000e+00,0.000000000000000000e+00,2.918872985839843750e+02,1.329174194335937500e+02,2.764544372558593750e+02,1.671380157470703125e+02,2.691911621093750000e+02,1.670837402343750000e+02,2.947789916992187500e+02,1.950120391845703125e+02,2.557783966064453125e+02,1.961045989990234375e+02,3.008008117675781250e+02,2.326171722412109375e+02,2.178138885498046875e+02,2.096777496337890625e+02
6.680000000000000000e+02,3.029362182617187500e+02,1.025302734375000000e+02,0.000000000000000000e+00,0.000000000000000000e+00,2.995200805664062500e+02,9.896216583251953125e+01,0.000000000000000000e+00,0.000000000000000000e+00,2.896936950683593750e+02,1.002647705078125000e+02,2.824090270996093750e+02,1.151782302856445312e+02,2.860948791503906250e+02,1.160451049804687500e+02,0.000000000000000000e+00,0.000000000000000000e+00,2.836187438964843750e+02,1.386520996093750000e+02,0.000000000000000000e+00,0.000000000000000000e+00,3.045567932128906250e+02,1.438511505126953125e+02,2.772577514648437500e+02,1.676568603515625000e+02,2.861688232421875000e+02,1.693220977783203125e+02,2.755161743164062500e+02,2.013958435058593750e+02,3.037427368164062500e+02,2.013751373291015625e+02,2.191419219970703125e+02,2.111086578369140625e+02,3.139733581542968750e+02,2.388650054931640625e+02
6.690000000000000000e+02,3.180278930664062500e+02,1.059166412353515625e+02,0.000000000000000000e+00,0.000000000000000000e+00,3.139705810546875000e+02,1.018883743286132812e+02,0.000000000000000000e+00,0.000000000000000000e+00,3.045782470703125000e+02,1.025739669799804688e+02,3.113247070312500000e+02,1.200232772827148438e+02,2.965260620117187500e+02,1.186775512695312500e+02,3.125416870117187500e+02,1.408654327392578125e+02,2.924852294921875000e+02,1.414821624755859375e+02,3.187163696289062500e+02,1.549582366943359375e+02,3.113681030273437500e+02,1.563065490722656250e+02,3.072257995605468750e+02,1.696979522705078125e+02,3.032740783691406250e+02,1.711447601318359375e+02,3.126687622070312500e+02,2.060012969970703125e+02,3.146639099121093750e+02,2.060259246826171875e+02,2.602186889648437500e+02,1.982703857421875000e+02,3.193457031250000000e+02,2.423403778076171875e+02
6.700000000000000000e+02,3.334597473144531250e+02,1.084132995605468750e+02,0.000000000000000000e+00,0.000000000000000000e+00,3.297483520507812500e+02,1.046899795532226562e+02,0.000000000000000000e+00,0.000000000000000000e+00,3.188316345214843750e+02,1.062659454345703125e+02,3.179228210449218750e+02,1.245355072021484375e+02,3.139747314453125000e+02,1.250662689208984375e+02,0.000000000000000000e+00,0.000000000000000000e+00,3.053093872070312500e+02,1.473785247802734375e+02,0.000000000000000000e+00,0.000000000000000000e+00,3.188970336914062500e+02,1.662194976806640625e+02,3.206665954589843750e+02,1.746068572998046875e+02,3.112593994140625000e+02,1.749646759033203125e+02,3.295570678710937500e+02,2.098274230957031250e+02,3.221170043945312500e+02,2.073433685302734375e+02,3.183887939453125000e+02,2.457530364990234375e+02,0.000000000000000000e+00,0.000000000000000000e+00
6.710000000000000000e+02,3.491435852050781250e+02,1.096729965209960938e+02,3.496230468750000000e+02,1.065019454956054688e+02,3.459006958007812500e+02,1.060549392700195312e+02,0.000000000000000000e+00,0.000000000000000000e+00,3.362423095703125000e+02,1.076779632568359375e+02,3.408782043457031250e+02,1.265175552368164062e+02,3.286144714355468750e+02,1.271906433105468750e+02,0.000000000000000000e+00,0.000000000000000000e+00,3.153967895507812500e+02,1.493311614990234375e+02,0.000000000000000000e+00,0.000000000000000000e+00,3.196976013183593750e+02,1.701855621337890625e+02,3.382021789550781250e+02,1.724732666015625000e+02,3.292568664550781250e+02,1.731662750244140625e+02,3.368279724121093750e+02,2.087809753417968750e+02,3.477337951660156250e+02,2.034422302246093750e+02,3.212016601562500000e+02,2.449499664306640625e+02,3.187918090820312500e+02,2.445514678955078125e+02
6.720000000000000000e+02,3.641803588867187500e+02,1.090122680664062500e+02,0.000000000000000000e+00,0.000000000000000000e+00,3.606924743652343750e+02,1.054454345703125000e+02,0.000000000000000000e+00,0.000000000000000000e+00,3.513757324218750000e+02,1.063533554077148438e+02,3.557965698242187500e+02,1.256492919921875000e+02,3.408734741210937500e+02,1.252214660644531250e+02,0.000000000000000000e+00,0.000000000000000000e+00,3.224151611328125000e+02,1.432175445556640625e+02,0.000000000000000000e+00,0.000000000000000000e+00,3.272456359863281250e+02,1.647274017333984375e+02,3.509913635253906250e+02,1.725155487060546875e+02,3.408567504882812500e+02,1.734974060058593750e+02,3.433966674804687500e+02,2.113423614501953125e+02,3.727019042968750000e+02,1.946492309570312500e+02,3.206033935546875000e+02,2.445868988037109375e+02,3.423796386718750000e+02,2.089479370117187500e+02
6.730000000000000000e+02,3.780640869140625000e+02,1.056640548706054688e+02,3.792304077148437500e+02,1.028064117431640625e+02,3.754638366699218750e+02,1.022373123168945312e+02,0.000000000000000000e+00,0.000000000000000000e+00,3.668008422851562500e+02,1.030461425781250000e+02,3.737792053222656250e+02,1.221267395019531250e+02,3.538059082031250000e+02,1.208423767089843750e+02,3.706582031250000000e+02,1.467217712402343750e+02,3.333593444824218750e+02,1.377851715087890625e+02,3.819902954101562500e+02,1.434043426513671875e+02,3.346949157714843750e+02,1.599118347167968750e+02,3.577089843750000000e+02,1.707841644287109375e+02,3.558946533203125000e+02,1.699456024169921875e+02,3.503133850097656250e+02,2.063488616943359375e+02,3.906814270019531250e+02,1.876655273437500000e+02,3.247047119140625000e+02,2.410795135498046875e+02,3.667530822753906250e+02,2.120086822509765625e+02
6.740000000000000000e+02,3.918031616210937500e+02,1.045291595458984375e+02,0.000000000000000000e+00,0.000000000000000000e+00,3.896334838867187500e+02,1.002391357421875000e+02,0.000000000000000000e+00,0.000000000000000000e+00,3.817958068847656250e+02,1.002403259277343750e+02,3.803665161132812500e+02,1.202179183959960938e+02,3.675220947265625000e+02,1.180664215087890625e+02,3.839370727539062500e+02,1.423171539306640625e+02,3.439988403320312500e+02,1.323302154541015625e+02,3.967551269531250000e+02,1.352031402587890625e+02,3.460952758789062500e+02,1.544481964111328125e+02,3.768929748535156250e+02,1.651826629638671875e+02,3.711510620117187500e+02,1.659171600341796875e+02,3.596768188476562500e+02,1.993822479248046875e+02,4.039010620117187500e+02,1.865493621826171875e+02,3.368337402343750000e+02,2.300861358642578125e+02,3.867466735839843750e+02,2.229543609619140625e+02
6.750000000000000000e+02,4.096813964843750000e+02,1.002272491455078125e+02,0.000000000000000000e+00,0.000000000000000000e+00,4.077175598144531250e+02,9.682407379150390625e+01,0.000000000000000000e+00,0.000000000000000000e+00,3.988417358398437500e+02,9.761494445800781250e+01,4.002659912109375000e+02,1.178952255249023438e+02,3.837609558105468750e+02,1.157479705810546875e+02,0.000000000000000000e+00,0.000000000000000000e+00,3.589606323242187500e+02,1.282048492431640625e+02,0.000000000000000000e+00,0.000000000000000000e+00,3.580718994140625000e+02,1.503810272216796875e+02,3.811313171386718750e+02,1.654945831298828125e+02,3.882421264648437500e+02,1.650315856933593750e+02,3.771036987304687500e+02,1.934075775146484375e+02,4.197130126953125000e+02,1.885155487060546875e+02,3.469877319335937500e+02,2.217719573974609375e+02,4.112654418945312500e+02,2.275162200927734375e+02
6.760000000000000000e+02,4.241257934570312500e+02,9.946048736572265625e+01,4.258215332031250000e+02,9.598832702636718750e+01,4.201292419433593750e+02,9.541606903076171875e+01,0.000000000000000000e+00,0.000000000000000000e+00,4.112515258789062500e+02,9.652695465087890625e+01,4.193366394042968750e+02,1.161439743041992188e+02,4.010382690429687500e+02,1.151315765380859375e+02,4.368559570312500000e+02,1.326349792480468750e+02,3.740050048828125000e+02,1.249628982543945312e+02,4.308682556152343750e+02,1.299702606201171875e+02,3.727666625976562500e+02,1.508581848144531250e+02,4.127784423828125000e+02,1.658420715332031250e+02,4.047846984863281250e+02,1.660229797363281250e+02,3.908514709472656250e+02,1.962853851318359375e+02,4.289141845703125000e+02,1.942444152832031250e+02,3.584930419921875000e+02,2.133633270263671875e+02,4.350191955566406250e+02,2.341707000732421875e+02
6.770000000000000000e+02,4.397297973632812500e+02,1.008067321777343750e+02,4.414581298828125000e+02,9.709547424316406250e+01,4.369597473144531250e+02,9.703236389160156250e+01,0.000000000000000000e+00,0.000000000000000000e+00,4.267076721191406250e+02,9.772393798828125000e+01,4.133178100585937500e+02,1.162921752929687500e+02,4.297973022460937500e+02,1.179448928833007812e+02,3.905565490722656250e+02,1.285466461181640625e+02,4.396736450195312500e+02,1.357053833007812500e+02,0.000000000000000000e+00,0.000000000000000000e+00,4.502662353515625000e+02,1.444873199462890625e+02,4.265278015136718750e+02,1.676708374023437500e+02,4.236915283203125000e+02,1.683635406494140625e+02,4.135706787109375000e+02,1.999383697509765625e+02,4.394214477539062500e+02,2.022313079833984375e+02,3.728298950195312500e+02,2.076306610107421875e+02,4.524209289550781250e+02,2.392389068603515625e+02
6.780000000000000000e+02,4.563147583007812500e+02,1.038219680786132812e+02,0.000000000000000000e+00,0.000000000000000000e+00,4.533803405761718750e+02,9.965353393554687500e+01,0.000000000000000000e+00,0.000000000000000000e+00,4.426742553710937500e+02,9.967268371582031250e+01,4.476201782226562500e+02,1.186097412109375000e+02,4.249902648925781250e+02,1.157395706176757812e+02,4.473160705566406250e+02,1.421651458740234375e+02,0.000000000000000000e+00,0.000000000000000000e+00,0.000000000000000000e+00,0.000000000000000000e+00,0.000000000000000000e+00,0.000000000000000000e+00,4.456113891601562500e+02,1.658779449462890625e+02,4.360681762695312500e+02,1.662988128662109375e+02,4.376411132812500000e+02,2.038573303222656250e+02,4.496602172851562500e+02,2.050693511962890625e+02,4.028017272949218750e+02,2.003280792236328125e+02,4.595628967285156250e+02,2.457474822998046875e+02
6.790000000000000000e+02,4.733854980468750000e+02,1.069577331542968750e+02,0.000000000000000000e+00,0.000000000000000000e+00,4.715928649902343750e+02,1.033695297241210938e+02,0.000000000000000000e+00,0.000000000000000000e+00,4.615585632324218750e+02,1.029403839111328125e+02,4.638894653320312500e+02,1.214863281250000000e+02,4.429859008789062500e+02,1.205690460205078125e+02,0.000000000000000000e+00,0.000000000000000000e+00,4.298529663085937500e+02,1.437520294189453125e+02,0.000000000000000000e+00,0.000000000000000000e+00,4.373735046386718750e+02,1.633208465576171875e+02,4.621335449218750000e+02,1.713675384521484375e+02,4.502389526367187500e+02,1.723013916015625000e+02,4.573111572265625000e+02,2.080782318115234375e+02,4.643266906738281250e+02,2.058784484863281250e+02,4.260495605468750000e+02,2.030320434570312500e+02,4.611266174316406250e+02,2.467216339111328125e+02
6.800000000000000000e+02,0.000000000000000000e+00,0.000000000000000000e+00,0.000000000000000000e+00,0.000000000000000000e+00,0.000000000000000000e+00,0.000000000000000000e+00,0.000000000000000000e+00,0.000000000000000000e+00,4.768078002929687500e+02,1.036054229736328125e+02,4.796045532226562500e+02,1.233131332397460938e+02,4.601086425781250000e+02,1.228876647949218750e+02,0.000000000000000000e+00,0.000000000000000000e+00,4.475897521972656250e+02,1.492743377685546875e+02,0.000000000000000000e+00,0.000000000000000000e+00,4.687659912109375000e+02,1.631379547119140625e+02,4.744012451171875000e+02,1.739083099365234375e+02,4.653021240234375000e+02,1.743587799072265625e+02,4.726928710937500000e+02,2.073309936523437500e+02,4.735556030273437500e+02,2.080623321533203125e+02,0.000000000000000000e+00,0.000000000000000000e+00,4.618482055664062500e+02,2.474278564453125000e+02
6.810000000000000000e+02,5.053192443847656250e+02,1.059939117431640625e+02,0.000000000000000000e+00,0.000000000000000000e+00,5.053192443847656250e+02,1.019418640136718750e+02,0.000000000000000000e+00,0.000000000000000000e+00,4.958644714355468750e+02,1.019418640136718750e+02,4.904617614746093750e+02,1.195007171630859375e+02,4.823576660156250000e+02,1.208514022827148438e+02,0.000000000000000000e+00,0.000000000000000000e+00,4.931631164550781250e+02,1.559691009521484375e+02,0.000000000000000000e+00,0.000000000000000000e+00,5.174754028320312500e+02,1.465143280029296875e+02,4.904617614746093750e+02,1.681252288818359375e+02,4.756042785644531250e+02,1.721772613525390625e+02,5.107219848632812500e+02,1.978402099609375000e+02,4.823576660156250000e+02,2.086456604003906250e+02,4.796563110351562500e+02,2.140483703613281250e+02,4.620974731445312500e+02,2.478153991699218750e+02
6.820000000000000000e+02,0.000000000000000000e+00,0.000000000000000000e+00,0.000000000000000000e+00,0.000000000000000000e+00,0.000000000000000000e+00,0.000000000000000000e+00,0.000000000000000000e+00,0.000000000000000000e+00,5.111359252929687500e+02,9.958770751953125000e+01,5.070420532226562500e+02,1.170321197509765625e+02,4.951904296875000000e+02,1.191172180175781250e+02,0.000000000000000000e+00,0.000000000000000000e+00,5.059068603515625000e+02,1.393806610107421875e+02,0.000000000000000000e+00,0.000000000000000000e+00,5.328866577148437500e+02,1.372772827148437500e+02,5.091388854980468750e+02,1.686550903320312500e+02,4.944567871093750000e+02,1.700456695556640625e+02,5.257704467773437500e+02,1.922533721923828125e+02,4.896072998046875000e+02,2.035382537841796875e+02,0.000000000000000000e+00,0.000000000000000000e+00,4.651763305664062500e+02,2.440116729736328125e+02
6.830000000000000000e+02,5.347560424804687500e+02,9.632024383544921875e+01,0.000000000000000000e+00,0.000000000000000000e+00,5.332691040039062500e+02,9.334625244140625000e+01,0.000000000000000000e+00,0.000000000000000000e+00,5.273211059570312500e+02,9.334625244140625000e+01,5.183991088867187500e+02,1.111902313232421875e+02,5.094771118164062500e+02,1.126772308349609375e+02,0.000000000000000000e+00,0.000000000000000000e+00,5.109641113281250000e+02,1.349821929931640625e+02,0.000000000000000000e+00,0.000000000000000000e+00,5.347560424804687500e+02,1.305211944580078125e+02,5.228601074218750000e+02,1.632351531982421875e+02,5.094771118164062500e+02,1.647221527099609375e+02,5.511130371093750000e+02,1.825661315917968750e+02,4.990681152343750000e+02,1.974361114501953125e+02,5.362431030273437500e+02,2.242020568847656250e+02,4.737891540527343750e+02,2.346110534667968750e+02
6.840000000000000000e+02,5.544398803710937500e+02,9.750243377685546875e+01,0.000000000000000000e+00,0.000000000000000000e+00,5.528048706054687500e+02,9.333963012695312500e+01,0.000000000000000000e+00,0.000000000000000000e+00,5.454922485351562500e+02,9.328052520751953125e+01,5.403464965820312500e+02,1.104943161010742188e+02,5.304981079101562500e+02,1.097521743774414062e+02,0.000000000000000000e+00,0.000000000000000000e+00,5.261004028320312500e+02,1.320746765136718750e+02,0.000000000000000000e+00,0.000000000000000000e+00,5.494738159179687500e+02,1.261816177368164062e+02,5.418157958984375000e+02,1.620544433593750000e+02,5.253967895507812500e+02,1.620220336914062500e+02,5.656149291992187500e+02,1.847778930664062500e+02,5.118402709960937500e+02,1.935337371826171875e+02,5.571799926757812500e+02,2.297578735351562500e+02,4.836395263671875000e+02,2.272281951904296875e+02
6.850000000000000000e+02,0.000000000000000000e+00,0.000000000000000000e+00,0.000000000000000000e+00,0.000000000000000000e+00,0.000000000000000000e+00,0.000000000000000000e+00,0.000000000000000000e+00,0.000000000000000000e+00,5.619264526367187500e+02,9.160949707031250000e+01,5.582731933593750000e+02,1.097680206298828125e+02,5.482084960937500000e+02,1.075390777587890625e+02,0.000000000000000000e+00,0.000000000000000000e+00,5.444321289062500000e+02,1.285004882812500000e+02,0.000000000000000000e+00,0.000000000000000000e+00,5.661668090820312500e+02,1.235210952758789062e+02,5.619299316406250000e+02,1.639905090332031250e+02,5.452297973632812500e+02,1.635455322265625000e+02,5.789487915039062500e+02,1.916542358398437500e+02,5.271815185546875000e+02,1.941523284912109375e+02,5.841823730468750000e+02,2.313932189941406250e+02,4.944912414550781250e+02,2.162354278564453125e+02
6.860000000000000000e+02,5.889552001953125000e+02,9.979669952392578125e+01,0.000000000000000000e+00,0.000000000000000000e+00,5.879208374023437500e+02,9.543909454345703125e+01,0.000000000000000000e+00,0.000000000000000000e+00,5.792217407226562500e+02,9.244950866699218750e+01,5.732588500976562500e+02,1.082716522216796875e+02,5.639335937500000000e+02,1.050747680664062500e+02,0.000000000000000000e+00,0.000000000000000000e+00,5.625585937500000000e+02,1.264650268554687500e+02,0.000000000000000000e+00,0.000000000000000000e+00,5.867879028320312500e+02,1.302451477050781250e+02,5.719041748046875000e+02,1.628058624267578125e+02,5.580868530273437500e+02,1.625598449707031250e+02,5.894054565429687500e+02,1.969133453369140625e+02,5.525911865234375000e+02,1.977570953369140625e+02,6.007045288085937500e+02,2.362930450439453125e+02,5.124561157226562500e+02,2.063281707763671875e+02
6.870000000000000000e+02,6.048250122070312500e+02,1.005905990600585938e+02,0.000000000000000000e+00,0.000000000000000000e+00,6.027573242187500000e+02,9.676991271972656250e+01,0.000000000000000000e+00,0.000000000000000000e+00,5.931253662109375000e+02,9.628041839599609375e+01,5.741699829101562500e+02,1.084529876708984375e+02,5.817194213867187500e+02,1.090049514770507812e+02,0.000000000000000000e+00,0.000000000000000000e+00,5.743247680664062500e+02,1.296304473876953125e+02,0.000000000000000000e+00,0.000000000000000000e+00,5.969766845703125000e+02,1.405821380615234375e+02,5.737775878906250000e+02,1.661656951904296875e+02,5.829166870117187500e+02,1.664471893310546875e+02,5.718448486328125000e+02,2.020392608642578125e+02,6.006488647460937500e+02,2.029564666748046875e+02,6.123094482421875000e+02,2.413363952636718750e+02,6.125780639648437500e+02,2.406124725341796875e+02
6.880000000000000000e+02,6.218472290039062500e+02,1.027610626220703125e+02,0.000000000000000000e+00,0.000000000000000000e+00,6.177835083007812500e+02,9.873101043701171875e+01,0.000000000000000000e+00,0.000000000000000000e+00,6.066506958007812500e+02,9.896052551269531250e+01,6.084505615234375000e+02,1.146332550048828125e+02,5.977059936523437500e+02,1.146566009521484375e+02,0.000000000000000000e+00,0.000000000000000000e+00,5.873444213867187500e+02,1.352568817138671875e+02,0.000000000000000000e+00,0.000000000000000000e+00,6.057566528320312500e+02,1.536866760253906250e+02,6.013767700195312500e+02,1.657164764404296875e+02,6.007609252929687500e+02,1.666212005615234375e+02,6.086089477539062500e+02,2.061473388671875000e+02,6.119611816406250000e+02,2.043416900634765625e+02,5.601915893554687500e+02,1.965630645751953125e+02,6.155159912109375000e+02,2.467472076416015625e+02
6.890000000000000000e+02,6.366495971679687500e+02,1.053776779174804688e+02,0.000000000000000000e+00,0.000000000000000000e+00,6.345485839843750000e+02,1.008737640380859375e+02,0.000000000000000000e+00,0.000000000000000000e+00,6.256632690429687500e+02,1.001871566772460938e+02,6.220057983398437500e+02,1.182291946411132812e+02,6.130964965820312500e+02,1.162095794677734375e+02,0.000000000000000000e+00,0.000000000000000000e+00,6.011658325195312500e+02,1.432074737548828125e+02,0.000000000000000000e+00,0.000000000000000000e+00,6.097113037109375000e+02,1.668075561523437500e+02,6.237316284179687500e+02,1.715733642578125000e+02,6.144866943359375000e+02,1.712205657958984375e+02,6.257777709960937500e+02,2.115806427001953125e+02,6.264746704101562500e+02,2.092082214355468750e+02,6.171151733398437500e+02,2.492019195556640625e+02,5.920374145507812500e+02,2.011877288818359375e+02
