7.700000000000000000e+01,0.000000000000000000e+00,0.000000000000000000e+00,0.000000000000000000e+00,0.000000000000000000e+00,0.000000000000000000e+00,0.000000000000000000e+00,0.000000000000000000e+00,0.000000000000000000e+00,0.000000000000000000e+00,0.000000000000000000e+00,8.309559936523437500e+02,3.839921264648437500e+02,0.000000000000000000e+00,0.000000000000000000e+00,8.209265747070312500e+02,4.080560607910156250e+02,0.000000000000000000e+00,0.000000000000000000e+00,7.987774658203125000e+02,4.032472839355468750e+02,7.994650268554687500e+02,4.034566040039062500e+02,0.000000000000000000e+00,0.000000000000000000e+00,0.000000000000000000e+00,0.000000000000000000e+00,8.265567016601562500e+02,4.375866699218750000e+02,8.193725585937500000e+02,4.359184875488281250e+02,0.000000000000000000e+00,0.000000000000000000e+00,8.003760375976562500e+02,4.613818664550781250e+02
7.800000000000000000e+01,0.000000000000000000e+00,0.000000000000000000e+00,0.000000000000000000e+00,0.000000000000000000e+00,0.000000000000000000e+00,0.000000000000000000e+00,8.194265747070312500e+02,3.546239624023437500e+02,0.000000000000000000e+00,0.000000000000000000e+00,8.199719848632812500e+02,3.738967590332031250e+02,0.000000000000000000e+00,0.000000000000000000e+00,8.120742187500000000e+02,3.985323486328125000e+02,0.000000000000000000e+00,0.000000000000000000e+00,7.906701660156250000e+02,3.953850097656250000e+02,0.000000000000000000e+00,0.000000000000000000e+00,8.233777465820312500e+02,4.090691528320312500e+02,0.000000000000000000e+00,0.000000000000000000e+00,8.164567871093750000e+02,4.572905578613281250e+02,8.076462402343750000e+02,4.298248291015625000e+02,0.000000000000000000e+00,0.000000000000000000e+00,7.907647094726562500e+02,4.568320922851562500e+02
7.900000000000000000e+01,0.000000000000000000e+00,0.000000000000000000e+00,0.000000000000000000e+00,0.000000000000000000e+00,0.000000000000000000e+00,0.000000000000000000e+00,8.122691040039062500e+02,3.471657104492187500e+02,0.000000000000000000e+00,0.000000000000000000e+00,8.141855468750000000e+02,3.696941223144531250e+02,8.321445922851562500e+02,3.673890991210937500e+02,8.052640380859375000e+02,3.921012573242187500e+02,0.000000000000000000e+00,0.000000000000000000e+00,7.837055664062500000e+02,3.889231567382812500e+02,0.000000000000000000e+00,0.000000000000000000e+00,0.000000000000000000e+00,0.000000000000000000e+00,0.000000000000000000e+00,0.000000000000000000e+00,7.994427490234375000e+02,4.416492004394531250e+02,7.996983642578125000e+02,4.228645629882812500e+02,8.172123413085937500e+02,4.734212951660156250e+02,7.866439819335937500e+02,4.542837219238281250e+02
8.000000000000000000e+01,0.000000000000000000e+00,0.000000000000000000e+00,0.000000000000000000e+00,0.000000000000000000e+00,0.000000000000000000e+00,0.000000000000000000e+00,8.031509399414062500e+02,3.375505065917968750e+02,0.000000000000000000e+00,0.000000000000000000e+00,8.055402832031250000e+02,3.535558166503906250e+02,0.000000000000000000e+00,0.000000000000000000e+00,7.973117675781250000e+02,3.814102783203125000e+02,0.000000000000000000e+00,0.000000000000000000e+00,7.762011108398437500e+02,3.806348571777343750e+02,0.000000000000000000e+00,0.000000000000000000e+00,8.063215942382812500e+02,3.879158935546875000e+02,0.000000000000000000e+00,0.000000000000000000e+00,7.861747436523437500e+02,4.209343566894531250e+02,7.892314453125000000e+02,4.205084533691406250e+02,7.957390747070312500e+02,4.546467895507812500e+02,7.886104125976562500e+02,4.535987854003906250e+02
8.100000000000000000e+01,0.000000000000000000e+00,0.000000000000000000e+00,0.000000000000000000e+00,0.000000000000000000e+00,0.000000000000000000e+00,0.000000000000000000e+00,7.931880493164062500e+02,3.248446350097656250e+02,0.000000000000000000e+00,0.000000000000000000e+00,7.974376831054687500e+02,3.404175720214843750e+02,8.101451416015625000e+02,3.366250915527343750e+02,7.901878662109375000e+02,3.697618713378906250e+02,0.000000000000000000e+00,0.000000000000000000e+00,7.702406005859375000e+02,3.716161804199218750e+02,7.869950561523437500e+02,3.282060241699218750e+02,7.991419067382812500e+02,3.833191528320312500e+02,8.113063964843750000e+02,3.825709838867187500e+02,7.730364990234375000e+02,4.038867492675781250e+02,7.889455566406250000e+02,4.142559814453125000e+02,7.820853271484375000e+02,4.414857788085937500e+02,7.866081542968750000e+02,4.499695434570312500e+02
8.200000000000000000e+01,7.791999511718750000e+02,3.144483642578125000e+02,7.808041381835937500e+02,3.108001098632812500e+02,0.000000000000000000e+00,0.000000000000000000e+00,7.866594238281250000e+02,3.122064208984375000e+02,0.000000000000000000e+00,0.000000000000000000e+00,7.902641601562500000e+02,3.279491271972656250e+02,8.006621704101562500e+02,3.246648559570312500e+02,7.810949096679687500e+02,3.563524475097656250e+02,7.833726196289062500e+02,3.249581909179687500e+02,7.612581176757812500e+02,3.602917785644531250e+02,7.736060180664062500e+02,3.192855529785156250e+02,7.956765136718750000e+02,3.737633056640625000e+02,7.993361206054687500e+02,3.723311157226562500e+02,7.844206542968750000e+02,4.069475402832031250e+02,7.645010986328125000e+02,3.839400024414062500e+02,7.859034423828125000e+02,4.477536010742187500e+02,7.641239013671875000e+02,4.239085998535156250e+02
8.300000000000000000e+01,0.000000000000000000e+00,0.000000000000000000e+00,0.000000000000000000e+00,0.000000000000000000e+00,0.000000000000000000e+00,0.000000000000000000e+00,0.000000000000000000e+00,0.000000000000000000e+00,0.000000000000000000e+00,0.000000000000000000e+00,0.000000000000000000e+00,0.000000000000000000e+00,0.000000000000000000e+00,0.000000000000000000e+00,0.000000000000000000e+00,0.000000000000000000e+00,0.000000000000000000e+00,0.000000000000000000e+00,0.000000000000000000e+00,0.000000000000000000e+00,0.000000000000000000e+00,0.000000000000000000e+00,0.000000000000000000e+00,0.000000000000000000e+00,0.000000000000000000e+00,0.000000000000000000e+00,0.000000000000000000e+00,0.000000000000000000e+00,0.000000000000000000e+00,0.000000000000000000e+00,0.000000000000000000e+00,0.000000000000000000e+00,0.000000000000000000e+00,0.000000000000000000e+00
8.400000000000000000e+01,0.000000000000000000e+00,0.000000000000000000e+00,0.000000000000000000e+00,0.000000000000000000e+00,0.000000000000000000e+00,0.000000000000000000e+00,7.687477416992187500e+02,2.964018249511718750e+02,0.000000000000000000e+00,0.000000000000000000e+00,7.732335205078125000e+02,3.103218994140625000e+02,7.821555786132812500e+02,3.088537597656250000e+02,7.662321777343750000e+02,3.373230895996093750e+02,0.000000000000000000e+00,0.000000000000000000e+00,7.436807250976562500e+02,3.382042236328125000e+02,7.612587280273437500e+02,3.107335510253906250e+02,7.771641235351562500e+02,3.481071166992187500e+02,7.820833740234375000e+02,3.482370300292968750e+02,7.481235961914062500e+02,3.650921020507812500e+02,7.705679931640625000e+02,3.868565979003906250e+02,7.362680053710937500e+02,3.960301818847656250e+02,7.787084960937500000e+02,4.249121398925781250e+02
8.500000000000000000e+01,0.000000000000000000e+00,0.000000000000000000e+00,0.000000000000000000e+00,0.000000000000000000e+00,0.000000000000000000e+00,0.000000000000000000e+00,7.629378051757812500e+02,2.877453918457031250e+02,0.000000000000000000e+00,0.000000000000000000e+00,7.594627075195312500e+02,3.045223693847656250e+02,7.768214721679687500e+02,3.053961486816406250e+02,7.532492675781250000e+02,3.287090759277343750e+02,0.000000000000000000e+00,0.000000000000000000e+00,7.335404052734375000e+02,3.288071289062500000e+02,0.000000000000000000e+00,0.000000000000000000e+00,7.607212524414062500e+02,3.436719665527343750e+02,7.711719360351562500e+02,3.455747070312500000e+02,7.410172729492187500e+02,3.610941467285156250e+02,7.591867675781250000e+02,3.760362854003906250e+02,7.293275756835937500e+02,3.896112365722656250e+02,7.711920776367187500e+02,4.088540954589843750e+02
8.600000000000000000e+01,0.000000000000000000e+00,0.000000000000000000e+00,0.000000000000000000e+00,0.000000000000000000e+00,0.000000000000000000e+00,0.000000000000000000e+00,7.489185180664062500e+02,2.805513916015625000e+02,0.000000000000000000e+00,0.000000000000000000e+00,7.490733032226562500e+02,2.980694885253906250e+02,7.652769165039062500e+02,2.949109802246093750e+02,7.425073242187500000e+02,3.223261413574218750e+02,0.000000000000000000e+00,0.000000000000000000e+00,7.244545898437500000e+02,3.198703002929687500e+02,0.000000000000000000e+00,0.000000000000000000e+00,7.572777709960937500e+02,3.342224121093750000e+02,7.572206420898437500e+02,3.328021545410156250e+02,7.428975830078125000e+02,3.622005615234375000e+02,7.385427246093750000e+02,3.587242126464843750e+02,7.274685668945312500e+02,3.863419799804687500e+02,7.608035278320312500e+02,3.943703002929687500e+02
8.700000000000000000e+01,0.000000000000000000e+00,0.000000000000000000e+00,0.000000000000000000e+00,0.000000000000000000e+00,0.000000000000000000e+00,0.000000000000000000e+00,0.000000000000000000e+00,0.000000000000000000e+00,0.000000000000000000e+00,0.000000000000000000e+00,0.000000000000000000e+00,0.000000000000000000e+00,0.000000000000000000e+00,0.000000000000000000e+00,0.000000000000000000e+00,0.000000000000000000e+00,0.000000000000000000e+00,0.000000000000000000e+00,0.000000000000000000e+00,0.000000000000000000e+00,0.000000000000000000e+00,0.000000000000000000e+00,0.000000000000000000e+00,0.000000000000000000e+00,0.000000000000000000e+00,0.000000000000000000e+00,0.000000000000000000e+00,0.000000000000000000e+00,0.000000000000000000e+00,0.000000000000000000e+00,0.000000000000000000e+00,0.000000000000000000e+00,0.000000000000000000e+00,0.000000000000000000e+00
8.800000000000000000e+01,0.000000000000000000e+00,0.000000000000000000e+00,0.000000000000000000e+00,0.000000000000000000e+00,0.000000000000000000e+00,0.000000000000000000e+00,0.000000000000000000e+00,0.000000000000000000e+00,0.000000000000000000e+00,0.000000000000000000e+00,7.279410400390625000e+02,2.849674072265625000e+02,7.496245117187500000e+02,2.821427917480468750e+02,7.205546264648437500e+02,3.075277709960937500e+02,0.000000000000000000e+00,0.000000000000000000e+00,7.080148315429687500e+02,2.991569519042968750e+02,0.000000000000000000e+00,0.000000000000000000e+00,7.350436401367187500e+02,3.202728881835937500e+02,7.507243652343750000e+02,3.192174682617187500e+02,7.214898071289062500e+02,3.458858337402343750e+02,7.273518066406250000e+02,3.416145324707031250e+02,7.269558715820312500e+02,3.837168579101562500e+02,7.359536132812500000e+02,3.695545959472656250e+02
8.900000000000000000e+01,0.000000000000000000e+00,0.000000000000000000e+00,0.000000000000000000e+00,0.000000000000000000e+00,0.000000000000000000e+00,0.000000000000000000e+00,7.195986938476562500e+02,2.585842590332031250e+02,0.000000000000000000e+00,0.000000000000000000e+00,7.209869995117187500e+02,2.749522705078125000e+02,7.413793334960937500e+02,2.696110229492187500e+02,7.134000244140625000e+02,2.963636474609375000e+02,7.508558349609375000e+02,2.861036987304687500e+02,7.014512329101562500e+02,2.881680297851562500e+02,7.602564086914062500e+02,2.889508972167968750e+02,7.257694702148437500e+02,3.133476867675781250e+02,7.428439941406250000e+02,3.104352111816406250e+02,7.194805908203125000e+02,3.510281372070312500e+02,0.000000000000000000e+00,0.000000000000000000e+00,7.266781616210937500e+02,3.821141967773437500e+02,0.000000000000000000e+00,0.000000000000000000e+00
9.000000000000000000e+01,0.000000000000000000e+00,0.000000000000000000e+00,0.000000000000000000e+00,0.000000000000000000e+00,0.000000000000000000e+00,0.000000000000000000e+00,7.124905395507812500e+02,2.492202606201171875e+02,0.000000000000000000e+00,0.000000000000000000e+00,7.171559448242187500e+02,2.644545898437500000e+02,7.328658447265625000e+02,2.618515625000000000e+02,7.094228515625000000e+02,2.866337585449218750e+02,7.466242065429687500e+02,2.766581726074218750e+02,6.968820800781250000e+02,2.786601867675781250e+02,7.587565917968750000e+02,2.764922485351562500e+02,7.169426269531250000e+02,3.075179443359375000e+02,7.276657104492187500e+02,3.054763183593750000e+02,7.171477050781250000e+02,3.409165649414062500e+02,7.097603149414062500e+02,3.175240478515625000e+02,7.241976318359375000e+02,3.742623596191406250e+02,7.058583374023437500e+02,3.452614440917968750e+02
9.100000000000000000e+01,0.000000000000000000e+00,0.000000000000000000e+00,0.000000000000000000e+00,0.000000000000000000e+00,0.000000000000000000e+00,0.000000000000000000e+00,7.060718383789062500e+02,2.436975402832031250e+02,0.000000000000000000e+00,0.000000000000000000e+00,7.101098022460937500e+02,2.574145812988281250e+02,7.268725585937500000e+02,2.531710052490234375e+02,7.040828247070312500e+02,2.784443054199218750e+02,7.377202758789062500e+02,2.686311950683593750e+02,6.909750976562500000e+02,2.709454956054687500e+02,7.437277832031250000e+02,2.672121887207031250e+02,7.101145629882812500e+02,2.955398559570312500e+02,7.158608398437500000e+02,2.941345520019531250e+02,7.099280395507812500e+02,3.310398559570312500e+02,7.044924316406250000e+02,3.134732360839843750e+02,7.187537841796875000e+02,3.640236816406250000e+02,6.948153686523437500e+02,3.352560424804687500e+02
9.200000000000000000e+01,0.000000000000000000e+00,0.000000000000000000e+00,0.000000000000000000e+00,0.000000000000000000e+00,0.000000000000000000e+00,0.000000000000000000e+00,6.995712280273437500e+02,2.372812042236328125e+02,0.000000000000000000e+00,0.000000000000000000e+00,7.026105957031250000e+02,2.528991241455078125e+02,7.190177612304687500e+02,2.492684783935546875e+02,6.964614868164062500e+02,2.727720336914062500e+02,0.000000000000000000e+00,0.000000000000000000e+00,6.848212890625000000e+02,2.642059631347656250e+02,0.000000000000000000e+00,0.000000000000000000e+00,7.018210449218750000e+02,2.903422241210937500e+02,7.107178344726562500e+02,2.893947448730468750e+02,7.012951660156250000e+02,3.240208129882812500e+02,6.982569580078125000e+02,3.108672485351562500e+02,7.123894653320312500e+02,3.532545166015625000e+02,6.887613525390625000e+02,3.302220458984375000e+02
9.300000000000000000e+01,0.000000000000000000e+00,0.000000000000000000e+00,0.000000000000000000e+00,0.000000000000000000e+00,0.000000000000000000e+00,0.000000000000000000e+00,0.000000000000000000e+00,0.000000000000000000e+00,0.000000000000000000e+00,0.000000000000000000e+00,0.000000000000000000e+00,0.000000000000000000e+00,0.000000000000000000e+00,0.000000000000000000e+00,0.000000000000000000e+00,0.000000000000000000e+00,0.000000000000000000e+00,0.000000000000000000e+00,0.000000000000000000e+00,0.000000000000000000e+00,0.000000000000000000e+00,0.000000000000000000e+00,0.000000000000000000e+00,0.000000000000000000e+00,0.000000000000000000e+00,0.000000000000000000e+00,0.000000000000000000e+00,0.000000000000000000e+00,0.000000000000000000e+00,0.000000000000000000e+00,0.000000000000000000e+00,0.000000000000000000e+00,0.000000000000000000e+00,0.000000000000000000e+00
9.400000000000000000e+01,0.000000000000000000e+00,0.000000000000000000e+00,0.000000000000000000e+00,0.000000000000000000e+00,0.000000000000000000e+00,0.000000000000000000e+00,0.000000000000000000e+00,0.000000000000000000e+00,0.000000000000000000e+00,0.000000000000000000e+00,0.000000000000000000e+00,0.000000000000000000e+00,0.000000000000000000e+00,0.000000000000000000e+00,0.000000000000000000e+00,0.000000000000000000e+00,0.000000000000000000e+00,0.000000000000000000e+00,0.000000000000000000e+00,0.000000000000000000e+00,0.000000000000000000e+00,0.000000000000000000e+00,0.000000000000000000e+00,0.000000000000000000e+00,0.000000000000000000e+00,0.000000000000000000e+00,0.000000000000000000e+00,0.000000000000000000e+00,0.000000000000000000e+00,0.000000000000000000e+00,0.000000000000000000e+00,0.000000000000000000e+00,0.000000000000000000e+00,0.000000000000000000e+00
9.500000000000000000e+01,0.000000000000000000e+00,0.000000000000000000e+00,0.000000000000000000e+00,0.000000000000000000e+00,0.000000000000000000e+00,0.000000000000000000e+00,6.831177978515625000e+02,2.223610992431640625e+02,0.000000000000000000e+00,0.000000000000000000e+00,6.852545776367187500e+02,2.358843078613281250e+02,6.988709106445312500e+02,2.326906280517578125e+02,6.762196655273437500e+02,2.526985931396484375e+02,0.000000000000000000e+00,0.000000000000000000e+00,6.681309204101562500e+02,2.451732940673828125e+02,0.000000000000000000e+00,0.000000000000000000e+00,6.900588989257812500e+02,2.667773132324218750e+02,7.029047851562500000e+02,2.633529357910156250e+02,6.754030151367187500e+02,2.924591674804687500e+02,6.837193603515625000e+02,2.957465515136718750e+02,6.826120605468750000e+02,3.234280395507812500e+02,6.851349487304687500e+02,3.228334960937500000e+02
9.600000000000000000e+01,0.000000000000000000e+00,0.000000000000000000e+00,0.000000000000000000e+00,0.000000000000000000e+00,0.000000000000000000e+00,0.000000000000000000e+00,6.770542602539062500e+02,2.156955871582031250e+02,0.000000000000000000e+00,0.000000000000000000e+00,6.797877197265625000e+02,2.295373687744140625e+02,6.922440795898437500e+02,2.272922973632812500e+02,6.717235107421875000e+02,2.464741210937500000e+02,0.000000000000000000e+00,0.000000000000000000e+00,6.634282836914062500e+02,2.398187561035156250e+02,0.000000000000000000e+00,0.000000000000000000e+00,6.859074707031250000e+02,2.652703857421875000e+02,6.946906738281250000e+02,2.652709960937500000e+02,6.802638549804687500e+02,2.933294372558593750e+02,6.672894287109375000e+02,2.795241394042968750e+02,6.841975708007812500e+02,3.254893493652343750e+02,6.699807739257812500e+02,3.114993286132812500e+02
9.700000000000000000e+01,0.000000000000000000e+00,0.000000000000000000e+00,0.000000000000000000e+00,0.000000000000000000e+00,0.000000000000000000e+00,0.000000000000000000e+00,6.707056884765625000e+02,2.082503204345703125e+02,0.000000000000000000e+00,0.000000000000000000e+00,6.736301269531250000e+02,2.215262908935546875e+02,6.850267944335937500e+02,2.197194824218750000e+02,6.663334350585937500e+02,2.402080535888671875e+02,0.000000000000000000e+00,0.000000000000000000e+00,6.565856323242187500e+02,2.331652374267578125e+02,0.000000000000000000e+00,0.000000000000000000e+00,6.791058959960937500e+02,2.580099182128906250e+02,6.823721313476562500e+02,2.579616394042968750e+02,6.781875000000000000e+02,2.885832214355468750e+02,6.613695068359375000e+02,2.687016601562500000e+02,6.827518310546875000e+02,3.197340698242187500e+02,6.588799438476562500e+02,3.008639221191406250e+02
9.800000000000000000e+01,0.000000000000000000e+00,0.000000000000000000e+00,0.000000000000000000e+00,0.000000000000000000e+00,0.000000000000000000e+00,0.000000000000000000e+00,0.000000000000000000e+00,0.000000000000000000e+00,0.000000000000000000e+00,0.000000000000000000e+00,6.685845947265625000e+02,2.194284820556640625e+02,6.823306274414062500e+02,2.212624359130859375e+02,6.605988159179687500e+02,2.338473052978515625e+02,0.000000000000000000e+00,0.000000000000000000e+00,6.518965454101562500e+02,2.271549835205078125e+02,0.000000000000000000e+00,0.000000000000000000e+00,6.706788330078125000e+02,2.501874847412109375e+02,6.816937866210937500e+02,2.509970855712890625e+02,6.561066284179687500e+02,2.660795288085937500e+02,6.742929077148437500e+02,2.807536926269531250e+02,6.504071655273437500e+02,2.921146850585937500e+02,6.804986572265625000e+02,3.109723510742187500e+02
9.900000000000000000e+01,0.000000000000000000e+00,0.000000000000000000e+00,0.000000000000000000e+00,0.000000000000000000e+00,0.000000000000000000e+00,0.000000000000000000e+00,0.000000000000000000e+00,0.000000000000000000e+00,0.000000000000000000e+00,0.000000000000000000e+00,6.612594604492187500e+02,2.127234344482421875e+02,6.754059448242187500e+02,2.126219635009765625e+02,6.537446289062500000e+02,2.287107391357421875e+02,0.000000000000000000e+00,0.000000000000000000e+00,6.443276977539062500e+02,2.227192230224609375e+02,0.000000000000000000e+00,0.000000000000000000e+00,6.624662475585937500e+02,2.438162231445312500e+02,6.743521118164062500e+02,2.437563323974609375e+02,6.506172485351562500e+02,2.642365722656250000e+02,6.663932495117187500e+02,2.729602355957031250e+02,6.445177001953125000e+02,2.873510742187500000e+02,6.754391479492187500e+02,2.999820251464843750e+02
1.000000000000000000e+02,0.000000000000000000e+00,0.000000000000000000e+00,0.000000000000000000e+00,0.000000000000000000e+00,0.000000000000000000e+00,0.000000000000000000e+00,0.000000000000000000e+00,0.000000000000000000e+00,0.000000000000000000e+00,0.000000000000000000e+00,6.543466796875000000e+02,2.078291625976562500e+02,6.674191894531250000e+02,2.036826934814453125e+02,6.473895263671875000e+02,2.253777923583984375e+02,0.000000000000000000e+00,0.000000000000000000e+00,6.385270385742187500e+02,2.191681976318359375e+02,0.000000000000000000e+00,0.000000000000000000e+00,6.627550659179687500e+02,2.387255249023437500e+02,6.543601684570312500e+02,2.371015930175781250e+02,6.550950317382812500e+02,2.660490722656250000e+02,6.476732788085937500e+02,2.615318603515625000e+02,6.685052490234375000e+02,2.898361206054687500e+02,6.420903320312500000e+02,2.856862792968750000e+02
1.010000000000000000e+02,0.000000000000000000e+00,0.000000000000000000e+00,0.000000000000000000e+00,0.000000000000000000e+00,0.000000000000000000e+00,0.000000000000000000e+00,0.000000000000000000e+00,0.000000000000000000e+00,0.000000000000000000e+00,0.000000000000000000e+00,6.457388916015625000e+02,2.078156585693359375e+02,0.000000000000000000e+00,0.000000000000000000e+00,6.388867797851562500e+02,2.233500061035156250e+02,0.000000000000000000e+00,0.000000000000000000e+00,0.000000000000000000e+00,0.000000000000000000e+00,0.000000000000000000e+00,0.000000000000000000e+00,6.493988037109375000e+02,2.367013549804687500e+02,6.620570678710937500e+02,2.368825683593750000e+02,6.413497924804687500e+02,2.586257934570312500e+02,6.497229614257812500e+02,2.590778808593750000e+02,6.432936401367187500e+02,2.849101257324218750e+02,6.604306030273437500e+02,2.814206542968750000e+02
1.020000000000000000e+02,0.000000000000000000e+00,0.000000000000000000e+00,0.000000000000000000e+00,0.000000000000000000e+00,0.000000000000000000e+00,0.000000000000000000e+00,0.000000000000000000e+00,0.000000000000000000e+00,0.000000000000000000e+00,0.000000000000000000e+00,6.386381835937500000e+02,2.017089385986328125e+02,0.000000000000000000e+00,0.000000000000000000e+00,6.277169189453125000e+02,2.096025238037109375e+02,0.000000000000000000e+00,0.000000000000000000e+00,6.302678833007812500e+02,2.168206939697265625e+02,0.000000000000000000e+00,0.000000000000000000e+00,6.443092651367187500e+02,2.302840118408203125e+02,6.583198852539062500e+02,2.290781250000000000e+02,6.367969360351562500e+02,2.539481964111328125e+02,6.431952514648437500e+02,2.501847686767578125e+02,6.428145141601562500e+02,2.848483581542968750e+02,6.507305297851562500e+02,2.725825805664062500e+02
1.030000000000000000e+02,0.000000000000000000e+00,0.000000000000000000e+00,0.000000000000000000e+00,0.000000000000000000e+00,0.000000000000000000e+00,0.000000000000000000e+00,6.325072631835937500e+02,1.835558929443359375e+02,0.000000000000000000e+00,0.000000000000000000e+00,6.330554809570312500e+02,1.977115631103515625e+02,6.508302612304687500e+02,1.936801452636718750e+02,6.266946411132812500e+02,2.125225067138671875e+02,0.000000000000000000e+00,0.000000000000000000e+00,6.213128662109375000e+02,2.056775360107421875e+02,0.000000000000000000e+00,0.000000000000000000e+00,6.382285766601562500e+02,2.288715209960937500e+02,6.547196655273437500e+02,2.261203460693359375e+02,6.358868408203125000e+02,2.536083984375000000e+02,0.000000000000000000e+00,0.000000000000000000e+00,6.422279052734375000e+02,2.820878601074218750e+02,0.000000000000000000e+00,0.000000000000000000e+00
1.040000000000000000e+02,0.000000000000000000e+00,0.000000000000000000e+00,0.000000000000000000e+00,0.000000000000000000e+00,0.000000000000000000e+00,0.000000000000000000e+00,0.000000000000000000e+00,0.000000000000000000e+00,0.000000000000000000e+00,0.000000000000000000e+00,0.000000000000000000e+00,0.000000000000000000e+00,0.000000000000000000e+00,0.000000000000000000e+00,0.000000000000000000e+00,0.000000000000000000e+00,0.000000000000000000e+00,0.000000000000000000e+00,0.000000000000000000e+00,0.000000000000000000e+00,0.000000000000000000e+00,0.000000000000000000e+00,0.000000000000000000e+00,0.000000000000000000e+00,0.000000000000000000e+00,0.000000000000000000e+00,0.000000000000000000e+00,0.000000000000000000e+00,0.000000000000000000e+00,0.000000000000000000e+00,0.000000000000000000e+00,0.000000000000000000e+00,0.000000000000000000e+00,0.000000000000000000e+00
1.050000000000000000e+02,0.000000000000000000e+00,0.000000000000000000e+00,0.000000000000000000e+00,0.000000000000000000e+00,0.000000000000000000e+00,0.000000000000000000e+00,0.000000000000000000e+00,0.000000000000000000e+00,0.000000000000000000e+00,0.000000000000000000e+00,6.238330078125000000e+02,1.829679718017578125e+02,6.393839111328125000e+02,1.794939727783203125e+02,6.189367675781250000e+02,1.994707641601562500e+02,6.478980712890625000e+02,1.938674011230468750e+02,6.107630615234375000e+02,1.961117706298828125e+02,6.545935668945312500e+02,1.953577575683593750e+02,6.261559448242187500e+02,2.144700012207031250e+02,6.368755493164062500e+02,2.136195526123046875e+02,6.290806884765625000e+02,2.429235076904296875e+02,6.251460571289062500e+02,2.327702178955078125e+02,6.368535766601562500e+02,2.715714416503906250e+02,6.198372802734375000e+02,2.501056213378906250e+02
1.060000000000000000e+02,0.000000000000000000e+00,0.000000000000000000e+00,0.000000000000000000e+00,0.000000000000000000e+00,0.000000000000000000e+00,0.000000000000000000e+00,6.179161376953125000e+02,1.662068023681640625e+02,6.313600463867187500e+02,1.658447418212890625e+02,6.177113037109375000e+02,1.794336547851562500e+02,6.346105346679687500e+02,1.772586669921875000e+02,6.143983154296875000e+02,1.953833923339843750e+02,6.421553955078125000e+02,1.895473022460937500e+02,6.058243408203125000e+02,1.941909484863281250e+02,6.557066650390625000e+02,1.893103179931640625e+02,6.207838745117187500e+02,2.088166198730468750e+02,6.332209472656250000e+02,2.088607330322265625e+02,6.222162475585937500e+02,2.360592803955078125e+02,6.208291015625000000e+02,2.292833862304687500e+02,6.325280151367187500e+02,2.633994445800781250e+02,6.140953979492187500e+02,2.469867095947265625e+02
1.070000000000000000e+02,0.000000000000000000e+00,0.000000000000000000e+00,0.000000000000000000e+00,0.000000000000000000e+00,0.000000000000000000e+00,0.000000000000000000e+00,6.147127075195312500e+02,1.629504089355468750e+02,0.000000000000000000e+00,0.000000000000000000e+00,6.132926635742187500e+02,1.761943054199218750e+02,6.299804687500000000e+02,1.756731109619140625e+02,6.114763793945312500e+02,1.923127593994140625e+02,6.370505371093750000e+02,1.870289154052734375e+02,6.023263549804687500e+02,1.930028839111328125e+02,0.000000000000000000e+00,0.000000000000000000e+00,6.161966552734375000e+02,2.062384033203125000e+02,6.293977661132812500e+02,2.057484741210937500e+02,6.154867553710937500e+02,2.311949768066406250e+02,6.160123901367187500e+02,2.278823242187500000e+02,6.253247680664062500e+02,2.542690734863281250e+02,6.107302246093750000e+02,2.481160278320312500e+02
1.080000000000000000e+02,0.000000000000000000e+00,0.000000000000000000e+00,0.000000000000000000e+00,0.000000000000000000e+00,0.000000000000000000e+00,0.000000000000000000e+00,0.000000000000000000e+00,0.000000000000000000e+00,0.000000000000000000e+00,0.000000000000000000e+00,6.098637695312500000e+02,1.762188568115234375e+02,6.253521728515625000e+02,1.771666259765625000e+02,6.055881347656250000e+02,1.902774810791015625e+02,0.000000000000000000e+00,0.000000000000000000e+00,5.963678588867187500e+02,1.908310546875000000e+02,0.000000000000000000e+00,0.000000000000000000e+00,6.132818603515625000e+02,2.028770751953125000e+02,6.269719238281250000e+02,2.015866241455078125e+02,6.086594848632812500e+02,2.231989898681640625e+02,6.133800659179687500e+02,2.234165191650390625e+02,6.153931274414062500e+02,2.459303741455078125e+02,6.108485107421875000e+02,2.467836608886718750e+02
1.090000000000000000e+02,0.000000000000000000e+00,0.000000000000000000e+00,0.000000000000000000e+00,0.000000000000000000e+00,0.000000000000000000e+00,0.000000000000000000e+00,0.000000000000000000e+00,0.000000000000000000e+00,0.000000000000000000e+00,0.000000000000000000e+00,6.047332153320312500e+02,1.706940765380859375e+02,6.204232788085937500e+02,1.746899414062500000e+02,5.998950805664062500e+02,1.864186248779296875e+02,0.000000000000000000e+00,0.000000000000000000e+00,5.918679809570312500e+02,1.874563140869140625e+02,0.000000000000000000e+00,0.000000000000000000e+00,6.105821533203125000e+02,1.970758514404296875e+02,6.231522216796875000e+02,1.954657440185546875e+02,6.023757324218750000e+02,2.195497436523437500e+02,6.109035644531250000e+02,2.204428863525390625e+02,6.082515258789062500e+02,2.414915313720703125e+02,6.105894165039062500e+02,2.432621307373046875e+02
1.100000000000000000e+02,0.000000000000000000e+00,0.000000000000000000e+00,0.000000000000000000e+00,0.000000000000000000e+00,0.000000000000000000e+00,0.000000000000000000e+00,0.000000000000000000e+00,0.000000000000000000e+00,0.000000000000000000e+00,0.000000000000000000e+00,6.013185424804687500e+02,1.659821929931640625e+02,6.159473266601562500e+02,1.663624420166015625e+02,5.945307617187500000e+02,1.807274169921875000e+02,0.000000000000000000e+00,0.000000000000000000e+00,5.876295166015625000e+02,1.815369262695312500e+02,0.000000000000000000e+00,0.000000000000000000e+00,6.055583496093750000e+02,1.923062591552734375e+02,6.175756225585937500e+02,1.946981048583984375e+02,5.968320312500000000e+02,2.104817047119140625e+02,6.090413818359375000e+02,2.192407226562500000e+02,5.993674926757812500e+02,2.344120635986328125e+02,6.093070678710937500e+02,2.462026824951171875e+02
1.110000000000000000e+02,0.000000000000000000e+00,0.000000000000000000e+00,0.000000000000000000e+00,0.000000000000000000e+00,0.000000000000000000e+00,0.000000000000000000e+00,5.968972167968750000e+02,1.488156280517578125e+02,0.000000000000000000e+00,0.000000000000000000e+00,5.969544067382812500e+02,1.623059997558593750e+02,6.107940063476562500e+02,1.623781890869140625e+02,5.923289794921875000e+02,1.766345520019531250e+02,0.000000000000000000e+00,0.000000000000000000e+00,5.843294067382812500e+02,1.764211578369140625e+02,0.000000000000000000e+00,0.000000000000000000e+00,6.014710083007812500e+02,1.908131561279296875e+02,6.125203857421875000e+02,1.917176818847656250e+02,5.924537963867187500e+02,2.038935852050781250e+02,6.068243408203125000e+02,2.169427947998046875e+02,5.911915283203125000e+02,2.287285919189453125e+02,6.088403930664062500e+02,2.419903869628906250e+02
1.120000000000000000e+02,0.000000000000000000e+00,0.000000000000000000e+00,0.000000000000000000e+00,0.000000000000000000e+00,0.000000000000000000e+00,0.000000000000000000e+00,5.926549682617187500e+02,1.437472686767578125e+02,0.000000000000000000e+00,0.000000000000000000e+00,5.940112915039062500e+02,1.576771087646484375e+02,6.071310424804687500e+02,1.570754089355468750e+02,5.899363403320312500e+02,1.719004211425781250e+02,0.000000000000000000e+00,0.000000000000000000e+00,5.803784790039062500e+02,1.711145477294921875e+02,0.000000000000000000e+00,0.000000000000000000e+00,5.969266967773437500e+02,1.859078521728515625e+02,6.086633911132812500e+02,1.864835815429687500e+02,5.878977661132812500e+02,2.007296752929687500e+02,6.032225952148437500e+02,2.103376922607421875e+02,5.843305664062500000e+02,2.229790802001953125e+02,6.072174072265625000e+02,2.349850158691406250e+02
1.130000000000000000e+02,0.000000000000000000e+00,0.000000000000000000e+00,0.000000000000000000e+00,0.000000000000000000e+00,0.000000000000000000e+00,0.000000000000000000e+00,5.889044799804687500e+02,1.406861114501953125e+02,0.000000000000000000e+00,0.000000000000000000e+00,5.894550781250000000e+02,1.520207519531250000e+02,6.033352050781250000e+02,1.518104553222656250e+02,5.838051147460937500e+02,1.675468597412109375e+02,0.000000000000000000e+00,0.000000000000000000e+00,5.759818725585937500e+02,1.660124969482421875e+02,0.000000000000000000e+00,0.000000000000000000e+00,5.930198364257812500e+02,1.793188781738281250e+02,6.041916503906250000e+02,1.801606140136718750e+02,5.843452758789062500e+02,1.976892852783203125e+02,5.978365478515625000e+02,2.050078430175781250e+02,5.798458251953125000e+02,2.180558624267578125e+02,6.037517700195312500e+02,2.272670593261718750e+02
1.140000000000000000e+02,0.000000000000000000e+00,0.000000000000000000e+00,0.000000000000000000e+00,0.000000000000000000e+00,0.000000000000000000e+00,0.000000000000000000e+00,0.000000000000000000e+00,0.000000000000000000e+00,0.000000000000000000e+00,0.000000000000000000e+00,5.833067626953125000e+02,1.501267547607421875e+02,6.000540771484375000e+02,1.507858581542968750e+02,5.785695190429687500e+02,1.646066741943359375e+02,0.000000000000000000e+00,0.000000000000000000e+00,5.710405273437500000e+02,1.621483001708984375e+02,0.000000000000000000e+00,0.000000000000000000e+00,5.865236206054687500e+02,1.786774749755859375e+02,5.987471923828125000e+02,1.794946441650390625e+02,5.802598876953125000e+02,1.974474639892578125e+02,5.919658203125000000e+02,2.013766632080078125e+02,5.774236450195312500e+02,2.177719573974609375e+02,5.989067382812500000e+02,2.209648895263671875e+02
1.150000000000000000e+02,0.000000000000000000e+00,0.000000000000000000e+00,0.000000000000000000e+00,0.000000000000000000e+00,0.000000000000000000e+00,0.000000000000000000e+00,0.000000000000000000e+00,0.000000000000000000e+00,0.000000000000000000e+00,0.000000000000000000e+00,5.781040649414062500e+02,1.479082336425781250e+02,5.947811279296875000e+02,1.446209259033203125e+02,5.712592163085937500e+02,1.622847900390625000e+02,6.038908691406250000e+02,1.490359344482421875e+02,5.666487426757812500e+02,1.571612243652343750e+02,0.000000000000000000e+00,0.000000000000000000e+00,5.819659423828125000e+02,1.758045043945312500e+02,5.939334716796875000e+02,1.757831878662109375e+02,5.766945800781250000e+02,1.960049591064453125e+02,5.859354248046875000e+02,1.965819854736328125e+02,5.772682495117187500e+02,2.179235992431640625e+02,5.928941650390625000e+02,2.149364471435546875e+02
1.160000000000000000e+02,0.000000000000000000e+00,0.000000000000000000e+00,0.000000000000000000e+00,0.000000000000000000e+00,0.000000000000000000e+00,0.000000000000000000e+00,5.743715209960937500e+02,1.344759979248046875e+02,0.000000000000000000e+00,0.000000000000000000e+00,5.744961547851562500e+02,1.445044097900390625e+02,5.907026977539062500e+02,1.411896667480468750e+02,5.641206665039062500e+02,1.515215454101562500e+02,6.002064819335937500e+02,1.455996551513671875e+02,5.650101928710937500e+02,1.590473175048828125e+02,0.000000000000000000e+00,0.000000000000000000e+00,5.779212036132812500e+02,1.718948822021484375e+02,5.908267822265625000e+02,1.707205963134765625e+02,5.734697265625000000e+02,1.919546508789062500e+02,5.798234252929687500e+02,1.897248992919921875e+02,5.774167480468750000e+02,2.179618988037109375e+02,5.858442993164062500e+02,2.091787414550781250e+02
1.170000000000000000e+02,0.000000000000000000e+00,0.000000000000000000e+00,0.000000000000000000e+00,0.000000000000000000e+00,0.000000000000000000e+00,0.000000000000000000e+00,5.704157714843750000e+02,1.314458770751953125e+02,0.000000000000000000e+00,0.000000000000000000e+00,5.698675537109375000e+02,1.420209045410156250e+02,5.864711303710937500e+02,1.389492492675781250e+02,5.623676147460937500e+02,1.558374176025390625e+02,5.974308471679687500e+02,1.472128906250000000e+02,0.000000000000000000e+00,0.000000000000000000e+00,0.000000000000000000e+00,0.000000000000000000e+00,5.732127685546875000e+02,1.699405212402343750e+02,5.863567504882812500e+02,1.687505340576171875e+02,5.719540405273437500e+02,1.872542266845703125e+02,0.000000000000000000e+00,0.000000000000000000e+00,5.767290039062500000e+02,2.109478912353515625e+02,0.000000000000000000e+00,0.000000000000000000e+00
1.180000000000000000e+02,0.000000000000000000e+00,0.000000000000000000e+00,0.000000000000000000e+00,0.000000000000000000e+00,0.000000000000000000e+00,0.000000000000000000e+00,5.653986816406250000e+02,1.262390289306640625e+02,5.760999145507812500e+02,1.250116043090820312e+02,5.638624267578125000e+02,1.386091003417968750e+02,5.815534667968750000e+02,1.360298156738281250e+02,5.585748901367187500e+02,1.523972625732421875e+02,5.861939697265625000e+02,1.490185699462890625e+02,5.563242797851562500e+02,1.444575195312500000e+02,0.000000000000000000e+00,0.000000000000000000e+00,5.681019287109375000e+02,1.666994476318359375e+02,5.802682495117187500e+02,1.656667633056640625e+02,5.698303222656250000e+02,1.874745483398437500e+02,5.696779174804687500e+02,1.837120056152343750e+02,5.759535522460937500e+02,2.123870697021484375e+02,5.698007202148437500e+02,2.021043701171875000e+02
1.190000000000000000e+02,0.000000000000000000e+00,0.000000000000000000e+00,0.000000000000000000e+00,0.000000000000000000e+00,0.000000000000000000e+00,0.000000000000000000e+00,5.623363647460937500e+02,1.230246734619140625e+02,5.730505371093750000e+02,1.213741302490234375e+02,5.610343627929687500e+02,1.347540435791015625e+02,5.767277221679687500e+02,1.321404724121093750e+02,5.557593994140625000e+02,1.484927825927734375e+02,5.820630493164062500e+02,1.445304107666015625e+02,5.540652465820312500e+02,1.404241943359375000e+02,5.968515625000000000e+02,1.405422821044921875e+02,5.653753051757812500e+02,1.586605377197265625e+02,5.765386962890625000e+02,1.577573852539062500e+02,5.671469726562500000e+02,1.810459136962890625e+02,5.653712768554687500e+02,1.755854339599609375e+02,5.730344848632812500e+02,2.063422393798828125e+02,5.610420532226562500e+02,1.958055419921875000e+02
1.200000000000000000e+02,0.000000000000000000e+00,0.000000000000000000e+00,0.000000000000000000e+00,0.000000000000000000e+00,0.000000000000000000e+00,0.000000000000000000e+00,5.589284057617187500e+02,1.200570907592773438e+02,5.705629882812500000e+02,1.194734268188476562e+02,5.579368286132812500e+02,1.321687164306640625e+02,5.733702392578125000e+02,1.308367004394531250e+02,5.524972534179687500e+02,1.444448089599609375e+02,5.789534301757812500e+02,1.402330932617187500e+02,5.496599121093750000e+02,1.376753692626953125e+02,5.916141967773437500e+02,1.343403472900390625e+02,5.622473754882812500e+02,1.563223114013671875e+02,5.744071655273437500e+02,1.556884918212890625e+02,5.621600952148437500e+02,1.771689453125000000e+02,5.619449462890625000e+02,1.741364135742187500e+02,5.694566650390625000e+02,2.008218994140625000e+02,5.550500488281250000e+02,1.921493682861328125e+02
1.210000000000000000e+02,0.000000000000000000e+00,0.000000000000000000e+00,0.000000000000000000e+00,0.000000000000000000e+00,0.000000000000000000e+00,0.000000000000000000e+00,5.563719482421875000e+02,1.185828094482421875e+02,5.677379760742187500e+02,1.179569244384765625e+02,5.554130249023437500e+02,1.298930969238281250e+02,5.695327148437500000e+02,1.285755462646484375e+02,5.486059570312500000e+02,1.411518707275390625e+02,5.781549072265625000e+02,1.343839721679687500e+02,0.000000000000000000e+00,0.000000000000000000e+00,5.859946899414062500e+02,1.282127838134765625e+02,5.589809570312500000e+02,1.559771881103515625e+02,5.708992919921875000e+02,1.551924285888671875e+02,5.567695312500000000e+02,1.747313079833984375e+02,5.586159667968750000e+02,1.728151702880859375e+02,5.643025512695312500e+02,1.948419189453125000e+02,5.518392944335937500e+02,1.924627075195312500e+02
1.220000000000000000e+02,0.000000000000000000e+00,0.000000000000000000e+00,0.000000000000000000e+00,0.000000000000000000e+00,0.000000000000000000e+00,0.000000000000000000e+00,0.000000000000000000e+00,0.000000000000000000e+00,0.000000000000000000e+00,0.000000000000000000e+00,5.521835327148437500e+02,1.283045654296875000e+02,5.658680419921875000e+02,1.279875030517578125e+02,5.450784301757812500e+02,1.389775238037109375e+02,0.000000000000000000e+00,0.000000000000000000e+00,0.000000000000000000e+00,0.000000000000000000e+00,0.000000000000000000e+00,0.000000000000000000e+00,5.554074096679687500e+02,1.563936462402343750e+02,5.671647338867187500e+02,1.548007354736328125e+02,5.516452026367187500e+02,1.722813110351562500e+02,5.552249755859375000e+02,1.715755462646484375e+02,5.564523315429687500e+02,1.895368194580078125e+02,5.509911499023437500e+02,1.904646453857421875e+02
1.230000000000000000e+02,0.000000000000000000e+00,0.000000000000000000e+00,0.000000000000000000e+00,0.000000000000000000e+00,0.000000000000000000e+00,0.000000000000000000e+00,5.508945922851562500e+02,1.149163818359375000e+02,0.000000000000000000e+00,0.000000000000000000e+00,5.498416137695312500e+02,1.257559127807617188e+02,5.630520019531250000e+02,1.251541748046875000e+02,5.444447631835937500e+02,1.377653808593750000e+02,5.682873535156250000e+02,1.298349761962890625e+02,5.382997436523437500e+02,1.344333343505859375e+02,0.000000000000000000e+00,0.000000000000000000e+00,5.521008911132812500e+02,1.550401763916015625e+02,5.627692871093750000e+02,1.550774993896484375e+02,5.471503295898437500e+02,1.694394378662109375e+02,5.538997192382812500e+02,1.700239257812500000e+02,5.505939331054687500e+02,1.859334564208984375e+02,5.533035278320312500e+02,1.874316864013671875e+02
1.240000000000000000e+02,0.000000000000000000e+00,0.000000000000000000e+00,0.000000000000000000e+00,0.000000000000000000e+00,0.000000000000000000e+00,0.000000000000000000e+00,5.479272460937500000e+02,1.121527404785156250e+02,0.000000000000000000e+00,0.000000000000000000e+00,5.471479492187500000e+02,1.230039978027343750e+02,5.603012084960937500e+02,1.220672912597656250e+02,5.409166870117187500e+02,1.333867034912109375e+02,5.638682861328125000e+02,1.279452972412109375e+02,5.355816040039062500e+02,1.319494323730468750e+02,0.000000000000000000e+00,0.000000000000000000e+00,5.482624511718750000e+02,1.492561798095703125e+02,5.590641479492187500e+02,1.494453887939453125e+02,5.424655761718750000e+02,1.630181732177734375e+02,5.524152832031250000e+02,1.686277923583984375e+02,5.441577148437500000e+02,1.822251892089843750e+02,5.510531616210937500e+02,1.896976776123046875e+02
1.250000000000000000e+02,0.000000000000000000e+00,0.000000000000000000e+00,0.000000000000000000e+00,0.000000000000000000e+00,0.000000000000000000e+00,0.000000000000000000e+00,5.451384887695312500e+02,1.080684814453125000e+02,0.000000000000000000e+00,0.000000000000000000e+00,5.447026977539062500e+02,1.182631072998046875e+02,5.568395996093750000e+02,1.189772644042968750e+02,5.393289794921875000e+02,1.302746582031250000e+02,0.000000000000000000e+00,0.000000000000000000e+00,5.325842895507812500e+02,1.303800354003906250e+02,0.000000000000000000e+00,0.000000000000000000e+00,5.457504272460937500e+02,1.446151275634765625e+02,5.562119140625000000e+02,1.460225067138671875e+02,5.394203491210937500e+02,1.595797271728515625e+02,5.511260986328125000e+02,1.659048614501953125e+02,5.379753417968750000e+02,1.789139709472656250e+02,5.503580322265625000e+02,1.879527740478515625e+02
1.260000000000000000e+02,0.000000000000000000e+00,0.000000000000000000e+00,0.000000000000000000e+00,0.000000000000000000e+00,0.000000000000000000e+00,0.000000000000000000e+00,5.421766357421875000e+02,1.046358489990234375e+02,0.000000000000000000e+00,0.000000000000000000e+00,5.411273803710937500e+02,1.147136611938476562e+02,5.534666748046875000e+02,1.152891616821289062e+02,5.360892333984375000e+02,1.259469146728515625e+02,0.000000000000000000e+00,0.000000000000000000e+00,5.306141357421875000e+02,1.278621826171875000e+02,0.000000000000000000e+00,0.000000000000000000e+00,5.430225830078125000e+02,1.403021087646484375e+02,5.539899291992187500e+02,1.414103851318359375e+02,5.365621337890625000e+02,1.569160308837890625e+02,5.489903564453125000e+02,1.619891357421875000e+02,5.331859130859375000e+02,1.750640258789062500e+02,5.498740234375000000e+02,1.820686340332031250e+02
1.270000000000000000e+02,0.000000000000000000e+00,0.000000000000000000e+00,0.000000000000000000e+00,0.000000000000000000e+00,0.000000000000000000e+00,0.000000000000000000e+00,0.000000000000000000e+00,0.000000000000000000e+00,0.000000000000000000e+00,0.000000000000000000e+00,5.387115478515625000e+02,1.124543228149414062e+02,5.507613525390625000e+02,1.134416503906250000e+02,5.332142944335937500e+02,1.232891006469726562e+02,0.000000000000000000e+00,0.000000000000000000e+00,5.271181640625000000e+02,1.261213607788085938e+02,0.000000000000000000e+00,0.000000000000000000e+00,5.405009765625000000e+02,1.373723754882812500e+02,5.513905029296875000e+02,1.381394653320312500e+02,5.346212768554687500e+02,1.541332092285156250e+02,5.456317138671875000e+02,1.583480682373046875e+02,5.302664184570312500e+02,1.718949432373046875e+02,5.477863159179687500e+02,1.774092102050781250e+02
1.280000000000000000e+02,0.000000000000000000e+00,0.000000000000000000e+00,0.000000000000000000e+00,0.000000000000000000e+00,0.000000000000000000e+00,0.000000000000000000e+00,0.000000000000000000e+00,0.000000000000000000e+00,0.000000000000000000e+00,0.000000000000000000e+00,5.355334472656250000e+02,1.111325149536132812e+02,5.483236694335937500e+02,1.123638916015625000e+02,5.295136108398437500e+02,1.220727081298828125e+02,0.000000000000000000e+00,0.000000000000000000e+00,5.239425048828125000e+02,1.242250671386718750e+02,0.000000000000000000e+00,0.000000000000000000e+00,5.375165405273437500e+02,1.359950408935546875e+02,5.483405761718750000e+02,1.368976593017578125e+02,5.321035766601562500e+02,1.533768463134765625e+02,5.416994018554687500e+02,1.563154144287109375e+02,5.291965942382812500e+02,1.716012725830078125e+02,5.447792358398437500e+02,1.714520263671875000e+02
1.290000000000000000e+02,0.000000000000000000e+00,0.000000000000000000e+00,0.000000000000000000e+00,0.000000000000000000e+00,0.000000000000000000e+00,0.000000000000000000e+00,0.000000000000000000e+00,0.000000000000000000e+00,0.000000000000000000e+00,0.000000000000000000e+00,5.302845458984375000e+02,1.105785675048828125e+02,5.453047485351562500e+02,1.118862457275390625e+02,5.239492797851562500e+02,1.208893356323242188e+02,5.534323730468750000e+02,1.138011093139648438e+02,5.225388183593750000e+02,1.226386413574218750e+02,0.000000000000000000e+00,0.000000000000000000e+00,5.341351928710937500e+02,1.347924346923828125e+02,5.451381225585937500e+02,1.356549072265625000e+02,5.297072143554687500e+02,1.521462097167968750e+02,5.377848510742187500e+02,1.528947448730468750e+02,5.294099731445312500e+02,1.703693084716796875e+02,5.411007690429687500e+02,1.677635650634765625e+02
1.300000000000000000e+02,0.000000000000000000e+00,0.000000000000000000e+00,0.000000000000000000e+00,0.000000000000000000e+00,0.000000000000000000e+00,0.000000000000000000e+00,5.307266845703125000e+02,9.935042572021484375e+01,0.000000000000000000e+00,0.000000000000000000e+00,5.286659545898437500e+02,1.080992507934570312e+02,5.434509887695312500e+02,1.076059494018554688e+02,5.215905151367187500e+02,1.184580612182617188e+02,5.520229492187500000e+02,1.118674545288085938e+02,5.200156860351562500e+02,1.203581848144531250e+02,0.000000000000000000e+00,0.000000000000000000e+00,5.324471435546875000e+02,1.335507507324218750e+02,5.441387329101562500e+02,1.337327117919921875e+02,5.276470947265625000e+02,1.512260742187500000e+02,5.346831054687500000e+02,1.488505401611328125e+02,5.295272827148437500e+02,1.705168914794921875e+02,5.376097412109375000e+02,1.637660369873046875e+02
1.310000000000000000e+02,0.000000000000000000e+00,0.000000000000000000e+00,0.000000000000000000e+00,0.000000000000000000e+00,0.000000000000000000e+00,0.000000000000000000e+00,5.271411132812500000e+02,9.646585845947265625e+01,0.000000000000000000e+00,0.000000000000000000e+00,5.256085205078125000e+02,1.056466217041015625e+02,5.389773559570312500e+02,1.058633956909179688e+02,5.183092651367187500e+02,1.165983200073242188e+02,5.460661010742187500e+02,1.097503890991210938e+02,0.000000000000000000e+00,0.000000000000000000e+00,0.000000000000000000e+00,0.000000000000000000e+00,5.295553588867187500e+02,1.307731323242187500e+02,5.413352050781250000e+02,1.301653137207031250e+02,5.270492553710937500e+02,1.449556579589843750e+02,5.319783935546875000e+02,1.422561492919921875e+02,5.293136596679687500e+02,1.688558807373046875e+02,5.324425659179687500e+02,1.595669708251953125e+02
1.320000000000000000e+02,0.000000000000000000e+00,0.000000000000000000e+00,0.000000000000000000e+00,0.000000000000000000e+00,0.000000000000000000e+00,0.000000000000000000e+00,5.250484619140625000e+02,9.387128448486328125e+01,5.341025390625000000e+02,9.338354492187500000e+01,5.236711425781250000e+02,1.031775512695312500e+02,5.374855346679687500e+02,1.026526794433593750e+02,5.171903076171875000e+02,1.133982543945312500e+02,5.405422973632812500e+02,1.096507186889648438e+02,5.167821044921875000e+02,1.118624343872070312e+02,0.000000000000000000e+00,0.000000000000000000e+00,5.269981689453125000e+02,1.273246612548828125e+02,5.382598876953125000e+02,1.265263595581054688e+02,5.265887451171875000e+02,1.459468536376953125e+02,0.000000000000000000e+00,0.000000000000000000e+00,5.286075439453125000e+02,1.660828704833984375e+02,0.000000000000000000e+00,0.000000000000000000e+00
1.330000000000000000e+02,0.000000000000000000e+00,0.000000000000000000e+00,0.000000000000000000e+00,0.000000000000000000e+00,0.000000000000000000e+00,0.000000000000000000e+00,5.228663330078125000e+02,9.148648071289062500e+01,5.322988891601562500e+02,9.105733489990234375e+01,5.215930786132812500e+02,1.013363876342773438e+02,5.360023803710937500e+02,1.004712753295898438e+02,5.158987426757812500e+02,1.100002059936523438e+02,5.474078979492187500e+02,1.011696624755859375e+02,5.126144409179687500e+02,1.098686752319335938e+02,5.475975952148437500e+02,9.431217956542968750e+01,5.247214355468750000e+02,1.259857482910156250e+02,5.364168090820312500e+02,1.249745483398437500e+02,5.254398803710937500e+02,1.433942260742187500e+02,5.255180053710937500e+02,1.397108612060546875e+02,5.267803344726562500e+02,1.640159759521484375e+02,5.232985839843750000e+02,1.548609466552734375e+02
1.340000000000000000e+02,0.000000000000000000e+00,0.000000000000000000e+00,0.000000000000000000e+00,0.000000000000000000e+00,0.000000000000000000e+00,0.000000000000000000e+00,5.207254028320312500e+02,8.938828277587890625e+01,5.308853149414062500e+02,8.933340454101562500e+01,5.192924804687500000e+02,9.913555908203125000e+01,5.331749877929687500e+02,9.825999450683593750e+01,5.133645019531250000e+02,1.079153594970703125e+02,5.390491943359375000e+02,1.016270751953125000e+02,5.094230346679687500e+02,1.087277069091796875e+02,5.439114379882812500e+02,9.978462982177734375e+01,5.217702026367187500e+02,1.242555313110351562e+02,5.327106323242187500e+02,1.238522033691406250e+02,5.226972045898437500e+02,1.390952606201171875e+02,5.232236938476562500e+02,1.375207977294921875e+02,5.247938232421875000e+02,1.569103240966796875e+02,5.197435302734375000e+02,1.526117553710937500e+02
1.350000000000000000e+02,0.000000000000000000e+00,0.000000000000000000e+00,0.000000000000000000e+00,0.000000000000000000e+00,0.000000000000000000e+00,0.000000000000000000e+00,0.000000000000000000e+00,0.000000000000000000e+00,0.000000000000000000e+00,0.000000000000000000e+00,5.178047485351562500e+02,9.681156921386718750e+01,5.297809448242187500e+02,9.646536254882812500e+01,5.125630493164062500e+02,1.060656967163085938e+02,5.351876831054687500e+02,9.902846527099609375e+01,5.064610595703125000e+02,1.083096771240234375e+02,0.000000000000000000e+00,0.000000000000000000e+00,5.194907226562500000e+02,1.223112869262695312e+02,5.294611816406250000e+02,1.219327850341796875e+02,5.195316772460937500e+02,1.383094329833984375e+02,5.222104492187500000e+02,1.359172973632812500e+02,5.211958618164062500e+02,1.509029846191406250e+02,5.179425659179687500e+02,1.520076293945312500e+02
1.360000000000000000e+02,0.000000000000000000e+00,0.000000000000000000e+00,0.000000000000000000e+00,0.000000000000000000e+00,0.000000000000000000e+00,0.000000000000000000e+00,0.000000000000000000e+00,0.000000000000000000e+00,0.000000000000000000e+00,0.000000000000000000e+00,5.154456176757812500e+02,9.630349731445312500e+01,5.263737792968750000e+02,9.662434387207031250e+01,5.114014892578125000e+02,1.050411605834960938e+02,5.323738403320312500e+02,9.938052368164062500e+01,5.045122070312500000e+02,1.075766754150390625e+02,0.000000000000000000e+00,0.000000000000000000e+00,5.169234619140625000e+02,1.225487289428710938e+02,5.263572387695312500e+02,1.225648040771484375e+02,5.164483032226562500e+02,1.353648681640625000e+02,5.211603393554687500e+02,1.340136871337890625e+02,5.179702148437500000e+02,1.494904022216796875e+02,5.196408081054687500e+02,1.483179321289062500e+02
1.370000000000000000e+02,0.000000000000000000e+00,0.000000000000000000e+00,0.000000000000000000e+00,0.000000000000000000e+00,0.000000000000000000e+00,0.000000000000000000e+00,0.000000000000000000e+00,0.000000000000000000e+00,0.000000000000000000e+00,0.000000000000000000e+00,5.137718505859375000e+02,9.422302246093750000e+01,5.262831420898437500e+02,9.556474304199218750e+01,5.085079345703125000e+02,1.037238616943359375e+02,0.000000000000000000e+00,0.000000000000000000e+00,5.014321594238281250e+02,1.069123229980468750e+02,0.000000000000000000e+00,0.000000000000000000e+00,5.141726684570312500e+02,1.185428161621093750e+02,5.241520385742187500e+02,1.187797927856445312e+02,5.133593750000000000e+02,1.324212493896484375e+02,5.207037963867187500e+02,1.340379943847656250e+02,5.144335937500000000e+02,1.473085632324218750e+02,5.181714477539062500e+02,1.509945831298828125e+02
1.380000000000000000e+02,0.000000000000000000e+00,0.000000000000000000e+00,0.000000000000000000e+00,0.000000000000000000e+00,0.000000000000000000e+00,0.000000000000000000e+00,0.000000000000000000e+00,0.000000000000000000e+00,0.000000000000000000e+00,0.000000000000000000e+00,5.128757324218750000e+02,9.126500701904296875e+01,5.250044555664062500e+02,9.319555664062500000e+01,5.063276977539062500e+02,9.832388305664062500e+01,0.000000000000000000e+00,0.000000000000000000e+00,4.987017517089843750e+02,1.043345108032226562e+02,0.000000000000000000e+00,0.000000000000000000e+00,5.125521240234375000e+02,1.152569808959960938e+02,5.224983520507812500e+02,1.161327743530273438e+02,5.120098876953125000e+02,1.285363311767578125e+02,5.198007202148437500e+02,1.326287689208984375e+02,5.111689758300781250e+02,1.438857421875000000e+02,5.175457153320312500e+02,1.493935852050781250e+02
1.390000000000000000e+02,0.000000000000000000e+00,0.000000000000000000e+00,0.000000000000000000e+00,0.000000000000000000e+00,0.000000000000000000e+00,0.000000000000000000e+00,5.131581420898437500e+02,8.020691680908203125e+01,5.219487304687500000e+02,7.972920227050781250e+01,5.107629394531250000e+02,8.979035949707031250e+01,5.236046752929687500e+02,8.980101776123046875e+01,5.056312866210937500e+02,9.715419006347656250e+01,0.000000000000000000e+00,0.000000000000000000e+00,4.978843078613281250e+02,1.014587860107421875e+02,0.000000000000000000e+00,0.000000000000000000e+00,5.117693481445312500e+02,1.117359542846679688e+02,5.212008666992187500e+02,1.120943145751953125e+02,5.102247314453125000e+02,1.247629089355468750e+02,5.188004760742187500e+02,1.295834808349609375e+02,5.090307006835937500e+02,1.405474700927734375e+02,5.177680664062500000e+02,1.472312774658203125e+02
1.400000000000000000e+02,0.000000000000000000e+00,0.000000000000000000e+00,0.000000000000000000e+00,0.000000000000000000e+00,0.000000000000000000e+00,0.000000000000000000e+00,0.000000000000000000e+00,0.000000000000000000e+00,0.000000000000000000e+00,0.000000000000000000e+00,5.102936706542968750e+02,8.707678222656250000e+01,5.227645874023437500e+02,8.732665252685546875e+01,5.051353149414062500e+02,9.469352722167968750e+01,0.000000000000000000e+00,0.000000000000000000e+00,4.970183715820312500e+02,9.946094512939453125e+01,0.000000000000000000e+00,0.000000000000000000e+00,5.110154418945312500e+02,1.092248992919921875e+02,5.204321899414062500e+02,1.101079254150390625e+02,5.090902099609375000e+02,1.217378234863281250e+02,5.180353393554687500e+02,1.263187942504882812e+02,5.078779907226562500e+02,1.365265808105468750e+02,5.181786499023437500e+02,1.423821258544921875e+02
1.410000000000000000e+02,0.000000000000000000e+00,0.000000000000000000e+00,0.000000000000000000e+00,0.000000000000000000e+00,0.000000000000000000e+00,0.000000000000000000e+00,0.000000000000000000e+00,0.000000000000000000e+00,0.000000000000000000e+00,0.000000000000000000e+00,5.084661254882812500e+02,8.493567657470703125e+01,5.196567382812500000e+02,8.493198394775390625e+01,5.024631958007812500e+02,9.336787414550781250e+01,0.000000000000000000e+00,0.000000000000000000e+00,4.953125610351562500e+02,9.807472229003906250e+01,0.000000000000000000e+00,0.000000000000000000e+00,5.104052124023437500e+02,1.050964126586914062e+02,5.194929199218750000e+02,1.057637481689453125e+02,5.083013610839843750e+02,1.204624023437500000e+02,5.160894165039062500e+02,1.235514755249023438e+02,5.071632690429687500e+02,1.360441589355468750e+02,5.170558471679687500e+02,1.383145751953125000e+02
1.420000000000000000e+02,0.000000000000000000e+00,0.000000000000000000e+00,0.000000000000000000e+00,0.000000000000000000e+00,0.000000000000000000e+00,0.000000000000000000e+00,0.000000000000000000e+00,0.000000000000000000e+00,0.000000000000000000e+00,0.000000000000000000e+00,5.056484375000000000e+02,8.309437561035156250e+01,5.180239257812500000e+02,8.376795196533203125e+01,4.992874145507812500e+02,9.271153259277343750e+01,0.000000000000000000e+00,0.000000000000000000e+00,4.932689514160156250e+02,9.579936218261718750e+01,0.000000000000000000e+00,0.000000000000000000e+00,5.087374267578125000e+02,1.050967712402343750e+02,5.186788330078125000e+02,1.054167327880859375e+02,5.069510498046875000e+02,1.210586090087890625e+02,5.142827758789062500e+02,1.218694229125976562e+02,5.075990905761718750e+02,1.370181732177734375e+02,5.159114379882812500e+02,1.345825042724609375e+02
1.430000000000000000e+02,0.000000000000000000e+00,0.000000000000000000e+00,0.000000000000000000e+00,0.000000000000000000e+00,0.000000000000000000e+00,0.000000000000000000e+00,0.000000000000000000e+00,0.000000000000000000e+00,0.000000000000000000e+00,0.000000000000000000e+00,5.040671386718750000e+02,8.139199066162109375e+01,5.167079467773437500e+02,8.187094116210937500e+01,4.976446838378906250e+02,9.061408233642578125e+01,0.000000000000000000e+00,0.000000000000000000e+00,4.936081237792968750e+02,9.300040435791015625e+01,0.000000000000000000e+00,0.000000000000000000e+00,5.077669677734375000e+02,1.029820098876953125e+02,5.172103271484375000e+02,1.033822097778320312e+02,5.058497314453125000e+02,1.201360626220703125e+02,5.118591918945312500e+02,1.185871429443359375e+02,5.076477661132812500e+02,1.364931793212890625e+02,5.141669311523437500e+02,1.320074920654296875e+02
1.440000000000000000e+02,0.000000000000000000e+00,0.000000000000000000e+00,0.000000000000000000e+00,0.000000000000000000e+00,0.000000000000000000e+00,0.000000000000000000e+00,0.000000000000000000e+00,0.000000000000000000e+00,0.000000000000000000e+00,0.000000000000000000e+00,5.029257812500000000e+02,7.962140655517578125e+01,5.149865112304687500e+02,7.845546722412109375e+01,4.959852905273437500e+02,8.851132202148437500e+01,0.000000000000000000e+00,0.000000000000000000e+00,4.943207397460937500e+02,9.020501708984375000e+01,0.000000000000000000e+00,0.000000000000000000e+00,5.067210083007812500e+02,1.014346084594726562e+02,5.162051391601562500e+02,1.004662170410156250e+02,5.046092529296875000e+02,1.178743591308593750e+02,5.101056213378906250e+02,1.138238754272460938e+02,5.073716735839843750e+02,1.355389709472656250e+02,5.120922241210937500e+02,1.287400970458984375e+02
1.450000000000000000e+02,0.000000000000000000e+00,0.000000000000000000e+00,0.000000000000000000e+00,0.000000000000000000e+00,0.000000000000000000e+00,0.000000000000000000e+00,5.021004638671875000e+02,6.996273040771484375e+01,0.000000000000000000e+00,0.000000000000000000e+00,5.002918701171875000e+02,7.799768066406250000e+01,5.130484619140625000e+02,7.752445983886718750e+01,4.934558715820312500e+02,8.729172515869140625e+01,5.173749389648437500e+02,8.270856475830078125e+01,4.940348205566406250e+02,8.679107666015625000e+01,0.000000000000000000e+00,0.000000000000000000e+00,5.045573730468750000e+02,9.939346313476562500e+01,5.146093139648437500e+02,9.837168121337890625e+01,5.041183776855468750e+02,1.136152343750000000e+02,5.073401184082031250e+02,1.107277069091796875e+02,5.064941101074218750e+02,1.307808685302734375e+02,5.089509582519531250e+02,1.260999069213867188e+02
1.460000000000000000e+02,0.000000000000000000e+00,0.000000000000000000e+00,0.000000000000000000e+00,0.000000000000000000e+00,0.000000000000000000e+00,0.000000000000000000e+00,5.005279541015625000e+02,6.771565246582031250e+01,5.084185485839843750e+02,6.721106719970703125e+01,4.995628051757812500e+02,7.588551330566406250e+01,5.107171020507812500e+02,7.561097717285156250e+01,4.928717956542968750e+02,8.423236846923828125e+01,5.165322875976562500e+02,7.980929565429687500e+01,4.897459106445312500e+02,8.490625762939453125e+01,0.000000000000000000e+00,0.000000000000000000e+00,5.032673950195312500e+02,9.792879486083984375e+01,5.127968750000000000e+02,9.657373046875000000e+01,5.036170654296875000e+02,1.127611770629882812e+02,0.000000000000000000e+00,0.000000000000000000e+00,5.052646484375000000e+02,1.284452056884765625e+02,0.000000000000000000e+00,0.000000000000000000e+00
1.470000000000000000e+02,0.000000000000000000e+00,0.000000000000000000e+00,0.000000000000000000e+00,0.000000000000000000e+00,0.000000000000000000e+00,0.000000000000000000e+00,4.989565734863281250e+02,6.592892456054687500e+01,5.072664184570312500e+02,6.581837463378906250e+01,4.979898681640625000e+02,7.453778839111328125e+01,5.091883850097656250e+02,7.392543792724609375e+01,4.915540161132812500e+02,8.189356994628906250e+01,5.144335327148437500e+02,7.766292572021484375e+01,4.878059387207031250e+02,8.346276855468750000e+01,0.000000000000000000e+00,0.000000000000000000e+00,5.012125854492187500e+02,9.643644714355468750e+01,5.104989929199218750e+02,9.613632965087890625e+01,5.020072937011718750e+02,1.103267822265625000e+02,5.048718872070312500e+02,1.067782897949218750e+02,5.029110717773437500e+02,1.229262924194335938e+02,5.032063293457031250e+02,1.192732162475585938e+02
1.480000000000000000e+02,0.000000000000000000e+00,0.000000000000000000e+00,0.000000000000000000e+00,0.000000000000000000e+00,0.000000000000000000e+00,0.000000000000000000e+00,4.976497497558593750e+02,6.494176483154296875e+01,5.065549011230468750e+02,6.448036193847656250e+01,4.970082397460937500e+02,7.336464691162109375e+01,5.079332275390625000e+02,7.259429168701171875e+01,4.909159545898437500e+02,8.132567596435546875e+01,5.139387207031250000e+02,7.570440673828125000e+01,4.843959045410156250e+02,8.348901367187500000e+01,5.162705688476562500e+02,7.606378936767578125e+01,4.996470947265625000e+02,9.473289489746093750e+01,5.083888549804687500e+02,9.395364379882812500e+01,4.997703857421875000e+02,1.080071105957031250e+02,5.032184448242187500e+02,1.064244003295898438e+02,5.016832885742187500e+02,1.211436004638671875e+02,5.019853210449218750e+02,1.200903930664062500e+02
1.490000000000000000e+02,0.000000000000000000e+00,0.000000000000000000e+00,0.000000000000000000e+00,0.000000000000000000e+00,0.000000000000000000e+00,0.000000000000000000e+00,4.964929504394531250e+02,6.444367218017578125e+01,5.053008422851562500e+02,6.424181365966796875e+01,4.963578491210937500e+02,7.210946655273437500e+01,5.068081054687500000e+02,7.166271972656250000e+01,4.907300720214843750e+02,8.008875274658203125e+01,0.000000000000000000e+00,0.000000000000000000e+00,4.830718994140625000e+02,8.361003112792968750e+01,0.000000000000000000e+00,0.000000000000000000e+00,4.981165771484375000e+02,9.186010742187500000e+01,5.065068664550781250e+02,9.158618164062500000e+01,4.979644775390625000e+02,1.060072402954101562e+02,5.025545043945312500e+02,1.054236755371093750e+02,5.000293273925781250e+02,1.189999618530273438e+02,5.015076293945312500e+02,1.187062301635742188e+02
1.500000000000000000e+02,0.000000000000000000e+00,0.000000000000000000e+00,0.000000000000000000e+00,0.000000000000000000e+00,0.000000000000000000e+00,0.000000000000000000e+00,4.954800109863281250e+02,6.326185226440429688e+01,5.038530273437500000e+02,6.328226852416992188e+01,4.943234558105468750e+02,7.124819946289062500e+01,5.055932006835937500e+02,7.126025390625000000e+01,4.888200683593750000e+02,7.942351531982421875e+01,5.109608459472656250e+02,7.542478942871093750e+01,4.802139282226562500e+02,8.357575225830078125e+01,0.000000000000000000e+00,0.000000000000000000e+00,4.962458801269531250e+02,9.131088256835937500e+01,5.042695312500000000e+02,9.131406402587890625e+01,4.960955810546875000e+02,1.047943420410156250e+02,5.018834228515625000e+02,1.050902175903320312e+02,4.980313110351562500e+02,1.168217391967773438e+02,5.006895751953125000e+02,1.181779327392578125e+02
1.510000000000000000e+02,0.000000000000000000e+00,0.000000000000000000e+00,0.000000000000000000e+00,0.000000000000000000e+00,0.000000000000000000e+00,0.000000000000000000e+00,4.936577758789062500e+02,6.095122909545898438e+01,5.017251586914062500e+02,6.037464904785156250e+01,4.928992309570312500e+02,6.929757690429687500e+01,5.038154602050781250e+02,6.946640014648437500e+01,4.875262145996093750e+02,7.708395385742187500e+01,0.000000000000000000e+00,0.000000000000000000e+00,4.782662963867187500e+02,8.186434173583984375e+01,0.000000000000000000e+00,0.000000000000000000e+00,4.947095336914062500e+02,9.023777008056640625e+01,5.029302062988281250e+02,9.037390136718750000e+01,4.941156616210937500e+02,1.024895172119140625e+02,5.009916687011718750e+02,1.044441223144531250e+02,4.953053588867187500e+02,1.145975952148437500e+02,5.002436218261718750e+02,1.196910247802734375e+02
1.520000000000000000e+02,0.000000000000000000e+00,0.000000000000000000e+00,0.000000000000000000e+00,0.000000000000000000e+00,0.000000000000000000e+00,0.000000000000000000e+00,0.000000000000000000e+00,0.000000000000000000e+00,0.000000000000000000e+00,0.000000000000000000e+00,0.000000000000000000e+00,0.000000000000000000e+00,0.000000000000000000e+00,0.000000000000000000e+00,0.000000000000000000e+00,0.000000000000000000e+00,0.000000000000000000e+00,0.000000000000000000e+00,0.000000000000000000e+00,0.000000000000000000e+00,0.000000000000000000e+00,0.000000000000000000e+00,0.000000000000000000e+00,0.000000000000000000e+00,0.000000000000000000e+00,0.000000000000000000e+00,0.000000000000000000e+00,0.000000000000000000e+00,0.000000000000000000e+00,0.000000000000000000e+00,0.000000000000000000e+00,0.000000000000000000e+00,0.000000000000000000e+00,0.000000000000000000e+00
1.530000000000000000e+02,0.000000000000000000e+00,0.000000000000000000e+00,0.000000000000000000e+00,0.000000000000000000e+00,0.000000000000000000e+00,0.000000000000000000e+00,0.000000000000000000e+00,0.000000000000000000e+00,0.000000000000000000e+00,0.000000000000000000e+00,0.000000000000000000e+00,0.000000000000000000e+00,0.000000000000000000e+00,0.000000000000000000e+00,0.000000000000000000e+00,0.000000000000000000e+00,0.000000000000000000e+00,0.000000000000000000e+00,0.000000000000000000e+00,0.000000000000000000e+00,0.000000000000000000e+00,0.000000000000000000e+00,0.000000000000000000e+00,0.000000000000000000e+00,0.000000000000000000e+00,0.000000000000000000e+00,0.000000000000000000e+00,0.000000000000000000e+00,0.000000000000000000e+00,0.000000000000000000e+00,0.000000000000000000e+00,0.000000000000000000e+00,0.000000000000000000e+00,0.000000000000000000e+00
1.540000000000000000e+02,0.000000000000000000e+00,0.000000000000000000e+00,0.000000000000000000e+00,0.000000000000000000e+00,0.000000000000000000e+00,0.000000000000000000e+00,0.000000000000000000e+00,0.000000000000000000e+00,0.000000000000000000e+00,0.000000000000000000e+00,4.886223144531250000e+02,6.475590515136718750e+01,4.988746337890625000e+02,6.566588592529296875e+01,4.827474975585937500e+02,7.190725708007812500e+01,0.000000000000000000e+00,0.000000000000000000e+00,4.753189086914062500e+02,7.838761138916015625e+01,0.000000000000000000e+00,0.000000000000000000e+00,4.912614440917968750e+02,8.337876892089843750e+01,4.993182373046875000e+02,8.349139404296875000e+01,4.903412170410156250e+02,9.687184143066406250e+01,4.974452819824218750e+02,9.766374206542968750e+01,4.897150573730468750e+02,1.103841629028320312e+02,4.987808837890625000e+02,1.113211212158203125e+02
1.550000000000000000e+02,0.000000000000000000e+00,0.000000000000000000e+00,0.000000000000000000e+00,0.000000000000000000e+00,0.000000000000000000e+00,0.000000000000000000e+00,0.000000000000000000e+00,0.000000000000000000e+00,0.000000000000000000e+00,0.000000000000000000e+00,4.875390319824218750e+02,6.326010894775390625e+01,4.974210510253906250e+02,6.522328948974609375e+01,4.821314086914062500e+02,7.074150085449218750e+01,0.000000000000000000e+00,0.000000000000000000e+00,4.738768920898437500e+02,7.755694580078125000e+01,0.000000000000000000e+00,0.000000000000000000e+00,4.903948669433593750e+02,8.197586822509765625e+01,4.984687500000000000e+02,8.216351318359375000e+01,4.894971313476562500e+02,9.642951965332031250e+01,4.955542907714843750e+02,9.687783813476562500e+01,4.894968872070312500e+02,1.100443420410156250e+02,4.977133789062500000e+02,1.089339065551757812e+02
1.560000000000000000e+02,0.000000000000000000e+00,0.000000000000000000e+00,0.000000000000000000e+00,0.000000000000000000e+00,0.000000000000000000e+00,0.000000000000000000e+00,0.000000000000000000e+00,0.000000000000000000e+00,0.000000000000000000e+00,0.000000000000000000e+00,4.859285278320312500e+02,6.181904983520507812e+01,4.960485839843750000e+02,6.396649551391601562e+01,4.805345153808593750e+02,6.998622131347656250e+01,0.000000000000000000e+00,0.000000000000000000e+00,4.728111572265625000e+02,7.619892883300781250e+01,0.000000000000000000e+00,0.000000000000000000e+00,4.890752563476562500e+02,8.168264770507812500e+01,4.971820068359375000e+02,8.157004547119140625e+01,4.882035217285156250e+02,9.604981994628906250e+01,4.936531677246093750e+02,9.547418212890625000e+01,4.898941040039062500e+02,1.091306152343750000e+02,4.962677917480468750e+02,1.065688476562500000e+02
1.570000000000000000e+02,0.000000000000000000e+00,0.000000000000000000e+00,0.000000000000000000e+00,0.000000000000000000e+00,0.000000000000000000e+00,0.000000000000000000e+00,0.000000000000000000e+00,0.000000000000000000e+00,0.000000000000000000e+00,0.000000000000000000e+00,4.851536865234375000e+02,6.026552963256835938e+01,4.950342407226562500e+02,6.196314620971679688e+01,4.793767700195312500e+02,6.873060607910156250e+01,0.000000000000000000e+00,0.000000000000000000e+00,4.728369445800781250e+02,7.399504089355468750e+01,0.000000000000000000e+00,0.000000000000000000e+00,4.882774658203125000e+02,8.037265777587890625e+01,4.965562438964843750e+02,8.014653015136718750e+01,4.870393676757812500e+02,9.443141937255859375e+01,4.920007629394531250e+02,9.196425628662109375e+01,4.900486755371093750e+02,1.086069030761718750e+02,4.945748291015625000e+02,1.038721466064453125e+02
1.580000000000000000e+02,0.000000000000000000e+00,0.000000000000000000e+00,0.000000000000000000e+00,0.000000000000000000e+00,0.000000000000000000e+00,0.000000000000000000e+00,0.000000000000000000e+00,0.000000000000000000e+00,0.000000000000000000e+00,0.000000000000000000e+00,4.835799865722656250e+02,5.867584991455078125e+01,4.937968139648437500e+02,5.713532257080078125e+01,4.787725524902343750e+02,6.622212219238281250e+01,0.000000000000000000e+00,0.000000000000000000e+00,4.728509826660156250e+02,7.102402496337890625e+01,0.000000000000000000e+00,0.000000000000000000e+00,4.869407958984375000e+02,7.791464996337890625e+01,4.953542785644531250e+02,7.711772918701171875e+01,4.868604736328125000e+02,8.996059417724609375e+01,4.893779602050781250e+02,8.822894287109375000e+01,4.904876403808593750e+02,1.062252044677734375e+02,4.919405822753906250e+02,1.033427810668945312e+02
1.590000000000000000e+02,0.000000000000000000e+00,0.000000000000000000e+00,0.000000000000000000e+00,0.000000000000000000e+00,0.000000000000000000e+00,0.000000000000000000e+00,4.816323242187500000e+02,5.074922561645507812e+01,0.000000000000000000e+00,0.000000000000000000e+00,4.816623535156250000e+02,5.765523147583007812e+01,4.916035461425781250e+02,5.627199172973632812e+01,4.773363037109375000e+02,6.451569366455078125e+01,4.981673278808593750e+02,5.981961441040039062e+01,4.721925964355468750e+02,6.894692993164062500e+01,0.000000000000000000e+00,0.000000000000000000e+00,4.852234802246093750e+02,7.559712982177734375e+01,4.934240112304687500e+02,7.473714447021484375e+01,4.854569702148437500e+02,8.770232391357421875e+01,0.000000000000000000e+00,0.000000000000000000e+00,4.888014221191406250e+02,1.041195831298828125e+02,0.000000000000000000e+00,0.000000000000000000e+00
1.600000000000000000e+02,0.000000000000000000e+00,0.000000000000000000e+00,0.000000000000000000e+00,0.000000000000000000e+00,0.000000000000000000e+00,0.000000000000000000e+00,0.000000000000000000e+00,0.000000000000000000e+00,0.000000000000000000e+00,0.000000000000000000e+00,4.797181091308593750e+02,5.561225128173828125e+01,4.904417419433593750e+02,5.464778900146484375e+01,4.757033386230468750e+02,6.201645660400390625e+01,4.964353942871093750e+02,5.888016891479492188e+01,4.707714843750000000e+02,6.707284545898437500e+01,0.000000000000000000e+00,0.000000000000000000e+00,4.836353759765625000e+02,7.297626495361328125e+01,4.914069519042968750e+02,7.275929260253906250e+01,4.840015869140625000e+02,8.421063995361328125e+01,4.864244689941406250e+02,8.312939453125000000e+01,4.858770446777343750e+02,9.775173187255859375e+01,4.859292907714843750e+02,9.719088745117187500e+01
1.610000000000000000e+02,0.000000000000000000e+00,0.000000000000000000e+00,0.000000000000000000e+00,0.000000000000000000e+00,0.000000000000000000e+00,0.000000000000000000e+00,0.000000000000000000e+00,0.000000000000000000e+00,0.000000000000000000e+00,0.000000000000000000e+00,0.000000000000000000e+00,0.000000000000000000e+00,0.000000000000000000e+00,0.000000000000000000e+00,0.000000000000000000e+00,0.000000000000000000e+00,0.000000000000000000e+00,0.000000000000000000e+00,0.000000000000000000e+00,0.000000000000000000e+00,0.000000000000000000e+00,0.000000000000000000e+00,0.000000000000000000e+00,0.000000000000000000e+00,0.000000000000000000e+00,0.000000000000000000e+00,0.000000000000000000e+00,0.000000000000000000e+00,0.000000000000000000e+00,0.000000000000000000e+00,0.000000000000000000e+00,0.000000000000000000e+00,0.000000000000000000e+00,0.000000000000000000e+00
1.620000000000000000e+02,0.000000000000000000e+00,0.000000000000000000e+00,0.000000000000000000e+00,0.000000000000000000e+00,0.000000000000000000e+00,0.000000000000000000e+00,0.000000000000000000e+00,0.000000000000000000e+00,0.000000000000000000e+00,0.000000000000000000e+00,4.778927917480468750e+02,5.491986465454101562e+01,0.000000000000000000e+00,0.000000000000000000e+00,4.724293212890625000e+02,6.112327575683593750e+01,0.000000000000000000e+00,0.000000000000000000e+00,4.654388427734375000e+02,6.735063171386718750e+01,0.000000000000000000e+00,0.000000000000000000e+00,4.812613220214843750e+02,7.218149566650390625e+01,4.890590820312500000e+02,7.077770996093750000e+01,4.805480651855468750e+02,8.354931640625000000e+01,4.839250488281250000e+02,8.270272064208984375e+01,4.827460937500000000e+02,9.646749877929687500e+01,4.835838012695312500e+02,9.585147857666015625e+01
1.630000000000000000e+02,0.000000000000000000e+00,0.000000000000000000e+00,0.000000000000000000e+00,0.000000000000000000e+00,0.000000000000000000e+00,0.000000000000000000e+00,0.000000000000000000e+00,0.000000000000000000e+00,0.000000000000000000e+00,0.000000000000000000e+00,4.770879821777343750e+02,5.400707626342773438e+01,0.000000000000000000e+00,0.000000000000000000e+00,4.707388000488281250e+02,6.071839904785156250e+01,0.000000000000000000e+00,0.000000000000000000e+00,4.629748229980468750e+02,6.744399261474609375e+01,0.000000000000000000e+00,0.000000000000000000e+00,4.807309570312500000e+02,6.911090850830078125e+01,4.878271179199218750e+02,6.894282531738281250e+01,4.786290893554687500e+02,8.144702911376953125e+01,4.831548461914062500e+02,8.179406738281250000e+01,4.810463256835937500e+02,9.390484619140625000e+01,4.829196777343750000e+02,9.409544372558593750e+01
1.640000000000000000e+02,0.000000000000000000e+00,0.000000000000000000e+00,0.000000000000000000e+00,0.000000000000000000e+00,0.000000000000000000e+00,0.000000000000000000e+00,0.000000000000000000e+00,0.000000000000000000e+00,0.000000000000000000e+00,0.000000000000000000e+00,4.757601623535156250e+02,5.324972534179687500e+01,4.855948486328125000e+02,5.469380569458007812e+01,4.692804565429687500e+02,5.945517730712890625e+01,0.000000000000000000e+00,0.000000000000000000e+00,4.617775878906250000e+02,6.635214233398437500e+01,0.000000000000000000e+00,0.000000000000000000e+00,4.781842041015625000e+02,7.008026885986328125e+01,4.856275024414062500e+02,7.040311431884765625e+01,4.764726562500000000e+02,8.158954620361328125e+01,4.824942016601562500e+02,8.271973419189453125e+01,4.779364624023437500e+02,9.262179565429687500e+01,4.817493896484375000e+02,9.679115295410156250e+01
1.650000000000000000e+02,0.000000000000000000e+00,0.000000000000000000e+00,0.000000000000000000e+00,0.000000000000000000e+00,0.000000000000000000e+00,0.000000000000000000e+00,4.739249572753906250e+02,4.473349380493164062e+01,0.000000000000000000e+00,0.000000000000000000e+00,4.735038757324218750e+02,5.154732131958007812e+01,4.830828857421875000e+02,5.152910995483398438e+01,4.675692443847656250e+02,5.748714065551757812e+01,4.881688232421875000e+02,5.594390869140625000e+01,4.604838256835937500e+02,6.490751647949218750e+01,0.000000000000000000e+00,0.000000000000000000e+00,4.764042053222656250e+02,6.865048217773437500e+01,4.839907836914062500e+02,6.870695495605468750e+01,4.746887512207031250e+02,8.008333587646484375e+01,4.815549011230468750e+02,8.186052703857421875e+01,4.751008605957031250e+02,9.221170806884765625e+01,4.814485168457031250e+02,9.633215332031250000e+01
1.660000000000000000e+02,0.000000000000000000e+00,0.000000000000000000e+00,0.000000000000000000e+00,0.000000000000000000e+00,0.000000000000000000e+00,0.000000000000000000e+00,0.000000000000000000e+00,0.000000000000000000e+00,0.000000000000000000e+00,0.000000000000000000e+00,4.728739624023437500e+02,5.039889526367187500e+01,4.824224548339843750e+02,5.019693374633789062e+01,4.670159912109375000e+02,5.536559295654296875e+01,0.000000000000000000e+00,0.000000000000000000e+00,4.606648254394531250e+02,6.227013397216796875e+01,0.000000000000000000e+00,0.000000000000000000e+00,4.752392578125000000e+02,6.633464813232421875e+01,4.825540771484375000e+02,6.666103363037109375e+01,4.732899169921875000e+02,7.745171356201171875e+01,4.804493103027343750e+02,7.995159912109375000e+01,4.732115173339843750e+02,8.966851043701171875e+01,4.814275207519531250e+02,9.379295349121093750e+01
1.670000000000000000e+02,0.000000000000000000e+00,0.000000000000000000e+00,0.000000000000000000e+00,0.000000000000000000e+00,0.000000000000000000e+00,0.000000000000000000e+00,0.000000000000000000e+00,0.000000000000000000e+00,0.000000000000000000e+00,0.000000000000000000e+00,4.722071533203125000e+02,4.985585403442382812e+01,4.815249023437500000e+02,4.936358642578125000e+01,4.653330688476562500e+02,5.488990020751953125e+01,0.000000000000000000e+00,0.000000000000000000e+00,4.585496215820312500e+02,6.159724044799804688e+01,0.000000000000000000e+00,0.000000000000000000e+00,4.737170410156250000e+02,6.528760528564453125e+01,4.811381835937500000e+02,6.551188659667968750e+01,4.722866821289062500e+02,7.649027252197265625e+01,4.793198547363281250e+02,7.837957000732421875e+01,4.721216735839843750e+02,8.810177612304687500e+01,4.809396362304687500e+02,9.082183837890625000e+01
1.680000000000000000e+02,0.000000000000000000e+00,0.000000000000000000e+00,0.000000000000000000e+00,0.000000000000000000e+00,0.000000000000000000e+00,0.000000000000000000e+00,0.000000000000000000e+00,0.000000000000000000e+00,0.000000000000000000e+00,0.000000000000000000e+00,0.000000000000000000e+00,0.000000000000000000e+00,0.000000000000000000e+00,0.000000000000000000e+00,0.000000000000000000e+00,0.000000000000000000e+00,0.000000000000000000e+00,0.000000000000000000e+00,0.000000000000000000e+00,0.000000000000000000e+00,0.000000000000000000e+00,0.000000000000000000e+00,0.000000000000000000e+00,0.000000000000000000e+00,0.000000000000000000e+00,0.000000000000000000e+00,0.000000000000000000e+00,0.000000000000000000e+00,0.000000000000000000e+00,0.000000000000000000e+00,0.000000000000000000e+00,0.000000000000000000e+00,0.000000000000000000e+00,0.000000000000000000e+00
1.690000000000000000e+02,0.000000000000000000e+00,0.000000000000000000e+00,0.000000000000000000e+00,0.000000000000000000e+00,0.000000000000000000e+00,0.000000000000000000e+00,0.000000000000000000e+00,0.000000000000000000e+00,0.000000000000000000e+00,0.000000000000000000e+00,4.685321350097656250e+02,4.832596969604492188e+01,0.000000000000000000e+00,0.000000000000000000e+00,4.629273986816406250e+02,5.330120086669921875e+01,0.000000000000000000e+00,0.000000000000000000e+00,4.560965881347656250e+02,5.968612670898437500e+01,0.000000000000000000e+00,0.000000000000000000e+00,4.718724975585937500e+02,6.301208877563476562e+01,4.776953125000000000e+02,6.245427322387695312e+01,4.704095458984375000e+02,7.609830474853515625e+01,4.747384948730468750e+02,7.670224761962890625e+01,4.709400939941406250e+02,8.888464355468750000e+01,4.783045654296875000e+02,8.581226348876953125e+01
1.700000000000000000e+02,0.000000000000000000e+00,0.000000000000000000e+00,0.000000000000000000e+00,0.000000000000000000e+00,0.000000000000000000e+00,0.000000000000000000e+00,0.000000000000000000e+00,0.000000000000000000e+00,0.000000000000000000e+00,0.000000000000000000e+00,4.658158874511718750e+02,4.730210113525390625e+01,4.765822143554687500e+02,4.756052398681640625e+01,4.611726684570312500e+02,5.346456146240234375e+01,0.000000000000000000e+00,0.000000000000000000e+00,4.548568115234375000e+02,5.903612136840820312e+01,0.000000000000000000e+00,0.000000000000000000e+00,4.697050476074218750e+02,6.340773010253906250e+01,4.762887573242187500e+02,6.316526794433593750e+01,4.691018676757812500e+02,7.593101501464843750e+01,4.735960998535156250e+02,7.459622955322265625e+01,4.713914794921875000e+02,8.810705566406250000e+01,4.766672668457031250e+02,8.375552368164062500e+01
1.710000000000000000e+02,0.000000000000000000e+00,0.000000000000000000e+00,0.000000000000000000e+00,0.000000000000000000e+00,0.000000000000000000e+00,0.000000000000000000e+00,0.000000000000000000e+00,0.000000000000000000e+00,0.000000000000000000e+00,0.000000000000000000e+00,0.000000000000000000e+00,0.000000000000000000e+00,0.000000000000000000e+00,0.000000000000000000e+00,0.000000000000000000e+00,0.000000000000000000e+00,0.000000000000000000e+00,0.000000000000000000e+00,0.000000000000000000e+00,0.000000000000000000e+00,0.000000000000000000e+00,0.000000000000000000e+00,0.000000000000000000e+00,0.000000000000000000e+00,0.000000000000000000e+00,0.000000000000000000e+00,0.000000000000000000e+00,0.000000000000000000e+00,0.000000000000000000e+00,0.000000000000000000e+00,0.000000000000000000e+00,0.000000000000000000e+00,0.000000000000000000e+00,0.000000000000000000e+00
1.720000000000000000e+02,0.000000000000000000e+00,0.000000000000000000e+00,0.000000000000000000e+00,0.000000000000000000e+00,0.000000000000000000e+00,0.000000000000000000e+00,0.000000000000000000e+00,0.000000000000000000e+00,0.000000000000000000e+00,0.000000000000000000e+00,4.636513977050781250e+02,4.415958404541015625e+01,4.729712219238281250e+02,4.406919860839843750e+01,4.587077636718750000e+02,5.022749710083007812e+01,0.000000000000000000e+00,0.000000000000000000e+00,4.533228454589843750e+02,5.481257629394531250e+01,0.000000000000000000e+00,0.000000000000000000e+00,4.667092285156250000e+02,5.907175827026367188e+01,4.731875915527343750e+02,5.868223571777343750e+01,4.671244506835937500e+02,7.008762359619140625e+01,4.696831054687500000e+02,6.835707092285156250e+01,4.703904113769531250e+02,8.444684600830078125e+01,4.711425781250000000e+02,8.011029815673828125e+01
1.730000000000000000e+02,0.000000000000000000e+00,0.000000000000000000e+00,0.000000000000000000e+00,0.000000000000000000e+00,0.000000000000000000e+00,0.000000000000000000e+00,4.633848266601562500e+02,3.637412261962890625e+01,4.702223205566406250e+02,3.584892272949218750e+01,4.631527709960937500e+02,4.237657928466796875e+01,4.723954772949218750e+02,4.219501495361328125e+01,4.583398742675781250e+02,4.812047195434570312e+01,0.000000000000000000e+00,0.000000000000000000e+00,4.527373657226562500e+02,5.255980682373046875e+01,0.000000000000000000e+00,0.000000000000000000e+00,4.653003540039062500e+02,5.692997360229492188e+01,4.718881835937500000e+02,5.660232925415039062e+01,4.665806274414062500e+02,6.881997680664062500e+01,4.684310913085937500e+02,6.661825561523437500e+01,4.694979248046875000e+02,8.315939331054687500e+01,0.000000000000000000e+00,0.000000000000000000e+00
1.740000000000000000e+02,0.000000000000000000e+00,0.000000000000000000e+00,0.000000000000000000e+00,0.000000000000000000e+00,0.000000000000000000e+00,0.000000000000000000e+00,4.623199157714843750e+02,3.522788619995117188e+01,4.693772888183593750e+02,3.486581802368164062e+01,4.619937133789062500e+02,4.117549514770507812e+01,4.713001098632812500e+02,4.155895996093750000e+01,4.566583862304687500e+02,4.686879730224609375e+01,0.000000000000000000e+00,0.000000000000000000e+00,4.506807250976562500e+02,5.177706909179687500e+01,0.000000000000000000e+00,0.000000000000000000e+00,4.637974243164062500e+02,5.531406784057617188e+01,4.702781677246093750e+02,5.514148712158203125e+01,4.650885009765625000e+02,6.772631835937500000e+01,4.671398315429687500e+02,6.679074859619140625e+01,4.685625610351562500e+02,8.139238739013671875e+01,4.661670837402343750e+02,7.818325805664062500e+01
1.750000000000000000e+02,0.000000000000000000e+00,0.000000000000000000e+00,0.000000000000000000e+00,0.000000000000000000e+00,0.000000000000000000e+00,0.000000000000000000e+00,0.000000000000000000e+00,0.000000000000000000e+00,0.000000000000000000e+00,0.000000000000000000e+00,0.000000000000000000e+00,0.000000000000000000e+00,0.000000000000000000e+00,0.000000000000000000e+00,0.000000000000000000e+00,0.000000000000000000e+00,0.000000000000000000e+00,0.000000000000000000e+00,0.000000000000000000e+00,0.000000000000000000e+00,0.000000000000000000e+00,0.000000000000000000e+00,0.000000000000000000e+00,0.000000000000000000e+00,0.000000000000000000e+00,0.000000000000000000e+00,0.000000000000000000e+00,0.000000000000000000e+00,0.000000000000000000e+00,0.000000000000000000e+00,0.000000000000000000e+00,0.000000000000000000e+00,0.000000000000000000e+00,0.000000000000000000e+00
1.760000000000000000e+02,0.000000000000000000e+00,0.000000000000000000e+00,0.000000000000000000e+00,0.000000000000000000e+00,0.000000000000000000e+00,0.000000000000000000e+00,0.000000000000000000e+00,0.000000000000000000e+00,0.000000000000000000e+00,0.000000000000000000e+00,0.000000000000000000e+00,0.000000000000000000e+00,0.000000000000000000e+00,0.000000000000000000e+00,0.000000000000000000e+00,0.000000000000000000e+00,0.000000000000000000e+00,0.000000000000000000e+00,0.000000000000000000e+00,0.000000000000000000e+00,0.000000000000000000e+00,0.000000000000000000e+00,0.000000000000000000e+00,0.000000000000000000e+00,0.000000000000000000e+00,0.000000000000000000e+00,0.000000000000000000e+00,0.000000000000000000e+00,0.000000000000000000e+00,0.000000000000000000e+00,0.000000000000000000e+00,0.000000000000000000e+00,0.000000000000000000e+00,0.000000000000000000e+00
1.770000000000000000e+02,0.000000000000000000e+00,0.000000000000000000e+00,0.000000000000000000e+00,0.000000000000000000e+00,0.000000000000000000e+00,0.000000000000000000e+00,0.000000000000000000e+00,0.000000000000000000e+00,0.000000000000000000e+00,0.000000000000000000e+00,0.000000000000000000e+00,0.000000000000000000e+00,0.000000000000000000e+00,0.000000000000000000e+00,0.000000000000000000e+00,0.000000000000000000e+00,0.000000000000000000e+00,0.000000000000000000e+00,0.000000000000000000e+00,0.000000000000000000e+00,0.000000000000000000e+00,0.000000000000000000e+00,0.000000000000000000e+00,0.000000000000000000e+00,0.000000000000000000e+00,0.000000000000000000e+00,0.000000000000000000e+00,0.000000000000000000e+00,0.000000000000000000e+00,0.000000000000000000e+00,0.000000000000000000e+00,0.000000000000000000e+00,0.000000000000000000e+00,0.000000000000000000e+00
1.780000000000000000e+02,4.704398803710937500e+02,4.362726211547851562e+01,0.000000000000000000e+00,0.000000000000000000e+00,0.000000000000000000e+00,0.000000000000000000e+00,0.000000000000000000e+00,0.000000000000000000e+00,0.000000000000000000e+00,0.000000000000000000e+00,0.000000000000000000e+00,0.000000000000000000e+00,0.000000000000000000e+00,0.000000000000000000e+00,4.535633544921875000e+02,4.250829315185546875e+01,0.000000000000000000e+00,0.000000000000000000e+00,4.465773925781250000e+02,4.826649856567382812e+01,0.000000000000000000e+00,0.000000000000000000e+00,4.593709106445312500e+02,5.244169998168945312e+01,4.656305541992187500e+02,5.296884155273437500e+01,4.582660522460937500e+02,6.360710525512695312e+01,4.639001464843750000e+02,6.504655456542968750e+01,4.586318359375000000e+02,7.332850646972656250e+01,4.634931335449218750e+02,7.696669006347656250e+01
1.790000000000000000e+02,0.000000000000000000e+00,0.000000000000000000e+00,0.000000000000000000e+00,0.000000000000000000e+00,0.000000000000000000e+00,0.000000000000000000e+00,0.000000000000000000e+00,0.000000000000000000e+00,0.000000000000000000e+00,0.000000000000000000e+00,4.563171691894531250e+02,3.585759735107421875e+01,4.652902526855468750e+02,3.549613952636718750e+01,4.546068420410156250e+02,4.045532608032226562e+01,0.000000000000000000e+00,0.000000000000000000e+00,0.000000000000000000e+00,0.000000000000000000e+00,0.000000000000000000e+00,0.000000000000000000e+00,4.583840332031250000e+02,5.039545059204101562e+01,4.646463623046875000e+02,5.071303558349609375e+01,4.566892700195312500e+02,6.119254684448242188e+01,4.631306762695312500e+02,6.329094314575195312e+01,4.565046081542968750e+02,7.245098114013671875e+01,4.632507324218750000e+02,7.634871673583984375e+01
1.800000000000000000e+02,0.000000000000000000e+00,0.000000000000000000e+00,0.000000000000000000e+00,0.000000000000000000e+00,0.000000000000000000e+00,0.000000000000000000e+00,0.000000000000000000e+00,0.000000000000000000e+00,0.000000000000000000e+00,0.000000000000000000e+00,0.000000000000000000e+00,0.000000000000000000e+00,0.000000000000000000e+00,0.000000000000000000e+00,0.000000000000000000e+00,0.000000000000000000e+00,0.000000000000000000e+00,0.000000000000000000e+00,0.000000000000000000e+00,0.000000000000000000e+00,0.000000000000000000e+00,0.000000000000000000e+00,0.000000000000000000e+00,0.000000000000000000e+00,0.000000000000000000e+00,0.000000000000000000e+00,0.000000000000000000e+00,0.000000000000000000e+00,0.000000000000000000e+00,0.000000000000000000e+00,0.000000000000000000e+00,0.000000000000000000e+00,0.000000000000000000e+00,0.000000000000000000e+00
1.810000000000000000e+02,0.000000000000000000e+00,0.000000000000000000e+00,0.000000000000000000e+00,0.000000000000000000e+00,0.000000000000000000e+00,0.000000000000000000e+00,0.000000000000000000e+00,0.000000000000000000e+00,0.000000000000000000e+00,0.000000000000000000e+00,0.000000000000000000e+00,0.000000000000000000e+00,0.000000000000000000e+00,0.000000000000000000e+00,0.000000000000000000e+00,0.000000000000000000e+00,0.000000000000000000e+00,0.000000000000000000e+00,0.000000000000000000e+00,0.000000000000000000e+00,0.000000000000000000e+00,0.000000000000000000e+00,0.000000000000000000e+00,0.000000000000000000e+00,0.000000000000000000e+00,0.000000000000000000e+00,0.000000000000000000e+00,0.000000000000000000e+00,0.000000000000000000e+00,0.000000000000000000e+00,0.000000000000000000e+00,0.000000000000000000e+00,0.000000000000000000e+00,0.000000000000000000e+00
1.820000000000000000e+02,0.000000000000000000e+00,0.000000000000000000e+00,0.000000000000000000e+00,0.000000000000000000e+00,0.000000000000000000e+00,0.000000000000000000e+00,0.000000000000000000e+00,0.000000000000000000e+00,0.000000000000000000e+00,0.000000000000000000e+00,4.520572814941406250e+02,3.391106796264648438e+01,4.610222167968750000e+02,3.406197357177734375e+01,4.476025390625000000e+02,3.942969131469726562e+01,0.000000000000000000e+00,0.000000000000000000e+00,4.425621032714843750e+02,4.432887268066406250e+01,0.000000000000000000e+00,0.000000000000000000e+00,4.542753906250000000e+02,4.720960235595703125e+01,4.608587036132812500e+02,4.727039337158203125e+01,4.533051757812500000e+02,5.903310775756835938e+01,4.586504516601562500e+02,5.971646881103515625e+01,4.529474792480468750e+02,7.045567321777343750e+01,4.607741394042968750e+02,6.889350891113281250e+01
1.830000000000000000e+02,0.000000000000000000e+00,0.000000000000000000e+00,0.000000000000000000e+00,0.000000000000000000e+00,0.000000000000000000e+00,0.000000000000000000e+00,0.000000000000000000e+00,0.000000000000000000e+00,0.000000000000000000e+00,0.000000000000000000e+00,0.000000000000000000e+00,0.000000000000000000e+00,4.605064697265625000e+02,3.437593460083007812e+01,0.000000000000000000e+00,0.000000000000000000e+00,0.000000000000000000e+00,0.000000000000000000e+00,0.000000000000000000e+00,0.000000000000000000e+00,0.000000000000000000e+00,0.000000000000000000e+00,4.531016235351562500e+02,4.759560012817382812e+01,4.590745849609375000e+02,4.738773345947265625e+01,4.520809020996093750e+02,5.897711181640625000e+01,4.571086425781250000e+02,5.952910995483398438e+01,4.530637207031250000e+02,7.021824645996093750e+01,4.601239013671875000e+02,6.857986450195312500e+01
1.840000000000000000e+02,0.000000000000000000e+00,0.000000000000000000e+00,0.000000000000000000e+00,0.000000000000000000e+00,0.000000000000000000e+00,0.000000000000000000e+00,0.000000000000000000e+00,0.000000000000000000e+00,0.000000000000000000e+00,0.000000000000000000e+00,0.000000000000000000e+00,0.000000000000000000e+00,0.000000000000000000e+00,0.000000000000000000e+00,0.000000000000000000e+00,0.000000000000000000e+00,0.000000000000000000e+00,0.000000000000000000e+00,0.000000000000000000e+00,0.000000000000000000e+00,0.000000000000000000e+00,0.000000000000000000e+00,0.000000000000000000e+00,0.000000000000000000e+00,0.000000000000000000e+00,0.000000000000000000e+00,0.000000000000000000e+00,0.000000000000000000e+00,0.000000000000000000e+00,0.000000000000000000e+00,0.000000000000000000e+00,0.000000000000000000e+00,0.000000000000000000e+00,0.000000000000000000e+00
1.850000000000000000e+02,0.000000000000000000e+00,0.000000000000000000e+00,0.000000000000000000e+00,0.000000000000000000e+00,0.000000000000000000e+00,0.000000000000000000e+00,0.000000000000000000e+00,0.000000000000000000e+00,0.000000000000000000e+00,0.000000000000000000e+00,4.472125854492187500e+02,3.201954269409179688e+01,4.561137695312500000e+02,3.171463012695312500e+01,4.426492309570312500e+02,3.801144409179687500e+01,0.000000000000000000e+00,0.000000000000000000e+00,4.361034545898437500e+02,4.388555526733398438e+01,0.000000000000000000e+00,0.000000000000000000e+00,4.506574096679687500e+02,4.608213043212890625e+01,4.571285400390625000e+02,4.559074783325195312e+01,4.504542541503906250e+02,5.769913864135742188e+01,4.541626586914062500e+02,5.564833831787109375e+01,4.530662231445312500e+02,6.888304901123046875e+01,4.561258544921875000e+02,6.542925262451171875e+01
1.860000000000000000e+02,0.000000000000000000e+00,0.000000000000000000e+00,0.000000000000000000e+00,0.000000000000000000e+00,0.000000000000000000e+00,0.000000000000000000e+00,0.000000000000000000e+00,0.000000000000000000e+00,0.000000000000000000e+00,0.000000000000000000e+00,4.466873474121093750e+02,3.025437545776367188e+01,4.549216613769531250e+02,2.948041152954101562e+01,4.415087585449218750e+02,3.650748825073242188e+01,0.000000000000000000e+00,0.000000000000000000e+00,4.360131835937500000e+02,4.138652801513671875e+01,0.000000000000000000e+00,0.000000000000000000e+00,4.494822998046875000e+02,4.443854904174804688e+01,4.558082275390625000e+02,4.390863418579101562e+01,4.504685363769531250e+02,5.526406097412109375e+01,0.000000000000000000e+00,0.000000000000000000e+00,4.531540527343750000e+02,6.680740356445312500e+01,0.000000000000000000e+00,0.000000000000000000e+00
1.870000000000000000e+02,0.000000000000000000e+00,0.000000000000000000e+00,0.000000000000000000e+00,0.000000000000000000e+00,0.000000000000000000e+00,0.000000000000000000e+00,4.462038574218750000e+02,2.286970520019531250e+01,0.000000000000000000e+00,0.000000000000000000e+00,4.454398803710937500e+02,2.859346771240234375e+01,4.537858276367187500e+02,2.822601699829101562e+01,4.406369018554687500e+02,3.493905258178710938e+01,4.567315673828125000e+02,3.339984130859375000e+01,4.346503601074218750e+02,4.022999954223632812e+01,0.000000000000000000e+00,0.000000000000000000e+00,4.484324035644531250e+02,4.294062042236328125e+01,4.550529785156250000e+02,4.231022262573242188e+01,4.495465393066406250e+02,5.351328277587890625e+01,0.000000000000000000e+00,0.000000000000000000e+00,4.516674194335937500e+02,6.486336517333984375e+01,0.000000000000000000e+00,0.000000000000000000e+00
1.880000000000000000e+02,0.000000000000000000e+00,0.000000000000000000e+00,0.000000000000000000e+00,0.000000000000000000e+00,0.000000000000000000e+00,0.000000000000000000e+00,4.449757080078125000e+02,2.179065895080566406e+01,0.000000000000000000e+00,0.000000000000000000e+00,4.436355285644531250e+02,2.789010047912597656e+01,4.528920288085937500e+02,2.789073181152343750e+01,4.385135192871093750e+02,3.414541625976562500e+01,4.561815795898437500e+02,3.330118179321289062e+01,4.330202941894531250e+02,3.911501693725585938e+01,0.000000000000000000e+00,0.000000000000000000e+00,4.464820556640625000e+02,4.181407928466796875e+01,4.529000549316406250e+02,4.151753234863281250e+01,4.476076660156250000e+02,5.280594635009765625e+01,4.497068481445312500e+02,5.056686401367187500e+01,4.496617126464843750e+02,6.290378570556640625e+01,4.493705749511718750e+02,6.147666549682617188e+01
1.890000000000000000e+02,0.000000000000000000e+00,0.000000000000000000e+00,0.000000000000000000e+00,0.000000000000000000e+00,0.000000000000000000e+00,0.000000000000000000e+00,0.000000000000000000e+00,0.000000000000000000e+00,0.000000000000000000e+00,0.000000000000000000e+00,0.000000000000000000e+00,0.000000000000000000e+00,0.000000000000000000e+00,0.000000000000000000e+00,0.000000000000000000e+00,0.000000000000000000e+00,0.000000000000000000e+00,0.000000000000000000e+00,0.000000000000000000e+00,0.000000000000000000e+00,0.000000000000000000e+00,0.000000000000000000e+00,0.000000000000000000e+00,0.000000000000000000e+00,0.000000000000000000e+00,0.000000000000000000e+00,0.000000000000000000e+00,0.000000000000000000e+00,0.000000000000000000e+00,0.000000000000000000e+00,0.000000000000000000e+00,0.000000000000000000e+00,0.000000000000000000e+00,0.000000000000000000e+00
1.900000000000000000e+02,0.000000000000000000e+00,0.000000000000000000e+00,0.000000000000000000e+00,0.000000000000000000e+00,0.000000000000000000e+00,0.000000000000000000e+00,0.000000000000000000e+00,0.000000000000000000e+00,0.000000000000000000e+00,0.000000000000000000e+00,0.000000000000000000e+00,0.000000000000000000e+00,0.000000000000000000e+00,0.000000000000000000e+00,0.000000000000000000e+00,0.000000000000000000e+00,0.000000000000000000e+00,0.000000000000000000e+00,0.000000000000000000e+00,0.000000000000000000e+00,0.000000000000000000e+00,0.000000000000000000e+00,0.000000000000000000e+00,0.000000000000000000e+00,0.000000000000000000e+00,0.000000000000000000e+00,0.000000000000000000e+00,0.000000000000000000e+00,0.000000000000000000e+00,0.000000000000000000e+00,0.000000000000000000e+00,0.000000000000000000e+00,0.000000000000000000e+00,0.000000000000000000e+00
1.910000000000000000e+02,0.000000000000000000e+00,0.000000000000000000e+00,0.000000000000000000e+00,0.000000000000000000e+00,0.000000000000000000e+00,0.000000000000000000e+00,0.000000000000000000e+00,0.000000000000000000e+00,0.000000000000000000e+00,0.000000000000000000e+00,4.412854919433593750e+02,2.633657836914062500e+01,4.490563964843750000e+02,2.674713897705078125e+01,4.366233215332031250e+02,3.111486244201660156e+01,0.000000000000000000e+00,0.000000000000000000e+00,4.298255310058593750e+02,3.825072860717773438e+01,4.304396972656250000e+02,3.774318695068359375e+01,4.430783386230468750e+02,4.073371887207031250e+01,4.488100280761718750e+02,4.046769332885742188e+01,4.430887145996093750e+02,5.047994995117187500e+01,4.477252807617187500e+02,5.086104965209960938e+01,4.440118408203125000e+02,5.896550750732421875e+01,4.465931396484375000e+02,6.203698348999023438e+01
1.920000000000000000e+02,0.000000000000000000e+00,0.000000000000000000e+00,0.000000000000000000e+00,0.000000000000000000e+00,0.000000000000000000e+00,0.000000000000000000e+00,4.403094787597656250e+02,2.015948104858398438e+01,0.000000000000000000e+00,0.000000000000000000e+00,4.392805786132812500e+02,2.568662452697753906e+01,4.473585510253906250e+02,2.583390617370605469e+01,4.342147216796875000e+02,3.102475738525390625e+01,4.507854309082031250e+02,2.960212326049804688e+01,4.281338500976562500e+02,3.691901397705078125e+01,0.000000000000000000e+00,0.000000000000000000e+00,4.414664916992187500e+02,3.972286987304687500e+01,4.476562500000000000e+02,3.962177276611328125e+01,4.411832580566406250e+02,4.905139160156250000e+01,4.468937377929687500e+02,5.002121353149414062e+01,4.416339111328125000e+02,5.751638031005859375e+01,4.465365905761718750e+02,6.123075866699218750e+01
1.930000000000000000e+02,0.000000000000000000e+00,0.000000000000000000e+00,0.000000000000000000e+00,0.000000000000000000e+00,0.000000000000000000e+00,0.000000000000000000e+00,4.383928222656250000e+02,1.874723815917968750e+01,0.000000000000000000e+00,0.000000000000000000e+00,4.379641723632812500e+02,2.465547180175781250e+01,4.458192138671875000e+02,2.452470397949218750e+01,4.333060607910156250e+02,3.001450347900390625e+01,0.000000000000000000e+00,0.000000000000000000e+00,4.276936950683593750e+02,3.525898361206054688e+01,0.000000000000000000e+00,0.000000000000000000e+00,4.402865600585937500e+02,3.826713562011718750e+01,4.461777648925781250e+02,3.848659133911132812e+01,4.394675903320312500e+02,4.764714431762695312e+01,4.457669067382812500e+02,4.927569580078125000e+01,4.396478881835937500e+02,5.742869949340820312e+01,4.466958007812500000e+02,6.083682632446289062e+01
1.940000000000000000e+02,0.000000000000000000e+00,0.000000000000000000e+00,0.000000000000000000e+00,0.000000000000000000e+00,0.000000000000000000e+00,0.000000000000000000e+00,0.000000000000000000e+00,0.000000000000000000e+00,0.000000000000000000e+00,0.000000000000000000e+00,4.369194335937500000e+02,2.344554519653320312e+01,4.444588623046875000e+02,2.306287765502929688e+01,4.323589172363281250e+02,2.870160675048828125e+01,0.000000000000000000e+00,0.000000000000000000e+00,4.263066406250000000e+02,3.450772094726562500e+01,0.000000000000000000e+00,0.000000000000000000e+00,4.392024230957031250e+02,3.600200271606445312e+01,4.452284851074218750e+02,3.591936492919921875e+01,4.381197814941406250e+02,4.584627914428710938e+01,4.446302490234375000e+02,4.717821121215820312e+01,4.379655761718750000e+02,5.608670425415039062e+01,4.461163940429687500e+02,5.875210189819335938e+01
1.950000000000000000e+02,0.000000000000000000e+00,0.000000000000000000e+00,0.000000000000000000e+00,0.000000000000000000e+00,0.000000000000000000e+00,0.000000000000000000e+00,0.000000000000000000e+00,0.000000000000000000e+00,0.000000000000000000e+00,0.000000000000000000e+00,0.000000000000000000e+00,0.000000000000000000e+00,0.000000000000000000e+00,0.000000000000000000e+00,0.000000000000000000e+00,0.000000000000000000e+00,0.000000000000000000e+00,0.000000000000000000e+00,0.000000000000000000e+00,0.000000000000000000e+00,0.000000000000000000e+00,0.000000000000000000e+00,0.000000000000000000e+00,0.000000000000000000e+00,0.000000000000000000e+00,0.000000000000000000e+00,0.000000000000000000e+00,0.000000000000000000e+00,0.000000000000000000e+00,0.000000000000000000e+00,0.000000000000000000e+00,0.000000000000000000e+00,0.000000000000000000e+00,0.000000000000000000e+00
1.960000000000000000e+02,0.000000000000000000e+00,0.000000000000000000e+00,0.000000000000000000e+00,0.000000000000000000e+00,0.000000000000000000e+00,0.000000000000000000e+00,0.000000000000000000e+00,0.000000000000000000e+00,0.000000000000000000e+00,0.000000000000000000e+00,0.000000000000000000e+00,0.000000000000000000e+00,0.000000000000000000e+00,0.000000000000000000e+00,0.000000000000000000e+00,0.000000000000000000e+00,0.000000000000000000e+00,0.000000000000000000e+00,0.000000000000000000e+00,0.000000000000000000e+00,0.000000000000000000e+00,0.000000000000000000e+00,0.000000000000000000e+00,0.000000000000000000e+00,0.000000000000000000e+00,0.000000000000000000e+00,0.000000000000000000e+00,0.000000000000000000e+00,0.000000000000000000e+00,0.000000000000000000e+00,0.000000000000000000e+00,0.000000000000000000e+00,0.000000000000000000e+00,0.000000000000000000e+00
1.970000000000000000e+02,0.000000000000000000e+00,0.000000000000000000e+00,0.000000000000000000e+00,0.000000000000000000e+00,0.000000000000000000e+00,0.000000000000000000e+00,0.000000000000000000e+00,0.000000000000000000e+00,0.000000000000000000e+00,0.000000000000000000e+00,4.327466430664062500e+02,2.224475097656250000e+01,4.426090393066406250e+02,2.388233947753906250e+01,4.274292602539062500e+02,2.807527923583984375e+01,0.000000000000000000e+00,0.000000000000000000e+00,4.223428955078125000e+02,3.332381820678710938e+01,4.221764831542968750e+02,3.329974746704101562e+01,4.361475830078125000e+02,3.516843795776367188e+01,4.418951721191406250e+02,3.471514129638671875e+01,4.355089721679687500e+02,4.650185012817382812e+01,4.394435729980468750e+02,4.557522201538085938e+01,4.370735473632812500e+02,5.621810150146484375e+01,4.428930358886718750e+02,5.393339538574218750e+01
1.980000000000000000e+02,0.000000000000000000e+00,0.000000000000000000e+00,0.000000000000000000e+00,0.000000000000000000e+00,0.000000000000000000e+00,0.000000000000000000e+00,0.000000000000000000e+00,0.000000000000000000e+00,0.000000000000000000e+00,0.000000000000000000e+00,4.315758666992187500e+02,2.126477622985839844e+01,4.409029541015625000e+02,2.242996978759765625e+01,4.262029113769531250e+02,2.667629432678222656e+01,0.000000000000000000e+00,0.000000000000000000e+00,4.223701171875000000e+02,3.134428024291992188e+01,0.000000000000000000e+00,0.000000000000000000e+00,4.347439880371093750e+02,3.444728851318359375e+01,4.407997131347656250e+02,3.377384948730468750e+01,4.345172424316406250e+02,4.460234451293945312e+01,4.378034362792968750e+02,4.305172348022460938e+01,4.371864929199218750e+02,5.557468795776367188e+01,4.410491943359375000e+02,5.289276885986328125e+01
1.990000000000000000e+02,0.000000000000000000e+00,0.000000000000000000e+00,0.000000000000000000e+00,0.000000000000000000e+00,0.000000000000000000e+00,0.000000000000000000e+00,0.000000000000000000e+00,0.000000000000000000e+00,0.000000000000000000e+00,0.000000000000000000e+00,4.303109741210937500e+02,1.980356979370117188e+01,4.383421020507812500e+02,1.905903053283691406e+01,4.262252807617187500e+02,2.446632957458496094e+01,0.000000000000000000e+00,0.000000000000000000e+00,4.217558288574218750e+02,2.873689079284667969e+01,0.000000000000000000e+00,0.000000000000000000e+00,4.332189331054687500e+02,3.262353897094726562e+01,4.391090087890625000e+02,3.159064292907714844e+01,4.336365356445312500e+02,4.151979446411132812e+01,0.000000000000000000e+00,0.000000000000000000e+00,4.367513427734375000e+02,5.298276519775390625e+01,0.000000000000000000e+00,0.000000000000000000e+00
2.000000000000000000e+02,0.000000000000000000e+00,0.000000000000000000e+00,0.000000000000000000e+00,0.000000000000000000e+00,0.000000000000000000e+00,0.000000000000000000e+00,0.000000000000000000e+00,0.000000000000000000e+00,0.000000000000000000e+00,0.000000000000000000e+00,4.286531677246093750e+02,1.848482894897460938e+01,4.364222106933593750e+02,1.772642517089843750e+01,4.244125366210937500e+02,2.355936050415039062e+01,0.000000000000000000e+00,0.000000000000000000e+00,4.200388793945312500e+02,2.762288665771484375e+01,0.000000000000000000e+00,0.000000000000000000e+00,4.313280029296875000e+02,3.084909439086914062e+01,4.373606567382812500e+02,3.042952728271484375e+01,4.322717285156250000e+02,3.962932968139648438e+01,0.000000000000000000e+00,0.000000000000000000e+00,4.350200500488281250e+02,5.154957580566406250e+01,0.000000000000000000e+00,0.000000000000000000e+00
2.010000000000000000e+02,0.000000000000000000e+00,0.000000000000000000e+00,0.000000000000000000e+00,0.000000000000000000e+00,0.000000000000000000e+00,0.000000000000000000e+00,0.000000000000000000e+00,0.000000000000000000e+00,0.000000000000000000e+00,0.000000000000000000e+00,4.276137695312500000e+02,1.727420616149902344e+01,4.350411376953125000e+02,1.626324272155761719e+01,4.230260620117187500e+02,2.264395713806152344e+01,4.384120483398437500e+02,1.999595642089843750e+01,4.187568359375000000e+02,2.658844375610351562e+01,0.000000000000000000e+00,0.000000000000000000e+00,4.301605224609375000e+02,2.993552780151367188e+01,4.361598815917968750e+02,2.921339035034179688e+01,4.309307861328125000e+02,3.923034667968750000e+01,4.323349609375000000e+02,3.846145248413085938e+01,4.341021728515625000e+02,4.943010330200195312e+01,4.319982299804687500e+02,4.891032028198242188e+01
2.020000000000000000e+02,0.000000000000000000e+00,0.000000000000000000e+00,0.000000000000000000e+00,0.000000000000000000e+00,0.000000000000000000e+00,0.000000000000000000e+00,0.000000000000000000e+00,0.000000000000000000e+00,0.000000000000000000e+00,0.000000000000000000e+00,4.261004028320312500e+02,1.697976684570312500e+01,4.334924011230468750e+02,1.766303634643554688e+01,4.218444213867187500e+02,2.224908256530761719e+01,0.000000000000000000e+00,0.000000000000000000e+00,4.171909179687500000e+02,2.632732772827148438e+01,0.000000000000000000e+00,0.000000000000000000e+00,4.279871826171875000e+02,2.956053924560546875e+01,4.330733032226562500e+02,2.965920639038085938e+01,4.293093261718750000e+02,3.870347595214843750e+01,4.308968505859375000e+02,3.852102279663085938e+01,4.315479736328125000e+02,4.775291442871093750e+01,4.315518493652343750e+02,4.783219909667968750e+01
2.030000000000000000e+02,0.000000000000000000e+00,0.000000000000000000e+00,0.000000000000000000e+00,0.000000000000000000e+00,0.000000000000000000e+00,0.000000000000000000e+00,0.000000000000000000e+00,0.000000000000000000e+00,0.000000000000000000e+00,0.000000000000000000e+00,0.000000000000000000e+00,0.000000000000000000e+00,0.000000000000000000e+00,0.000000000000000000e+00,0.000000000000000000e+00,0.000000000000000000e+00,0.000000000000000000e+00,0.000000000000000000e+00,0.000000000000000000e+00,0.000000000000000000e+00,0.000000000000000000e+00,0.000000000000000000e+00,0.000000000000000000e+00,0.000000000000000000e+00,0.000000000000000000e+00,0.000000000000000000e+00,0.000000000000000000e+00,0.000000000000000000e+00,0.000000000000000000e+00,0.000000000000000000e+00,0.000000000000000000e+00,0.000000000000000000e+00,0.000000000000000000e+00,0.000000000000000000e+00
2.040000000000000000e+02,0.000000000000000000e+00,0.000000000000000000e+00,0.000000000000000000e+00,0.000000000000000000e+00,0.000000000000000000e+00,0.000000000000000000e+00,0.000000000000000000e+00,0.000000000000000000e+00,0.000000000000000000e+00,0.000000000000000000e+00,4.234836730957031250e+02,1.675000762939453125e+01,4.314093017578125000e+02,1.730494308471679688e+01,4.199722290039062500e+02,2.166989517211914062e+01,0.000000000000000000e+00,0.000000000000000000e+00,0.000000000000000000e+00,0.000000000000000000e+00,0.000000000000000000e+00,0.000000000000000000e+00,4.256960754394531250e+02,2.965142440795898438e+01,4.310422973632812500e+02,2.947630691528320312e+01,4.259740295410156250e+02,3.859961318969726562e+01,4.291918945312500000e+02,3.831483840942382812e+01,4.274567871093750000e+02,4.567967605590820312e+01,4.296663818359375000e+02,4.751763916015625000e+01
2.050000000000000000e+02,0.000000000000000000e+00,0.000000000000000000e+00,0.000000000000000000e+00,0.000000000000000000e+00,0.000000000000000000e+00,0.000000000000000000e+00,0.000000000000000000e+00,0.000000000000000000e+00,0.000000000000000000e+00,0.000000000000000000e+00,0.000000000000000000e+00,0.000000000000000000e+00,0.000000000000000000e+00,0.000000000000000000e+00,0.000000000000000000e+00,0.000000000000000000e+00,0.000000000000000000e+00,0.000000000000000000e+00,0.000000000000000000e+00,0.000000000000000000e+00,0.000000000000000000e+00,0.000000000000000000e+00,0.000000000000000000e+00,0.000000000000000000e+00,0.000000000000000000e+00,0.000000000000000000e+00,0.000000000000000000e+00,0.000000000000000000e+00,0.000000000000000000e+00,0.000000000000000000e+00,0.000000000000000000e+00,0.000000000000000000e+00,0.000000000000000000e+00,0.000000000000000000e+00
2.060000000000000000e+02,0.000000000000000000e+00,0.000000000000000000e+00,0.000000000000000000e+00,0.000000000000000000e+00,0.000000000000000000e+00,0.000000000000000000e+00,0.000000000000000000e+00,0.000000000000000000e+00,0.000000000000000000e+00,0.000000000000000000e+00,0.000000000000000000e+00,0.000000000000000000e+00,0.000000000000000000e+00,0.000000000000000000e+00,0.000000000000000000e+00,0.000000000000000000e+00,0.000000000000000000e+00,0.000000000000000000e+00,0.000000000000000000e+00,0.000000000000000000e+00,0.000000000000000000e+00,0.000000000000000000e+00,0.000000000000000000e+00,0.000000000000000000e+00,0.000000000000000000e+00,0.000000000000000000e+00,0.000000000000000000e+00,0.000000000000000000e+00,0.000000000000000000e+00,0.000000000000000000e+00,0.000000000000000000e+00,0.000000000000000000e+00,0.000000000000000000e+00,0.000000000000000000e+00
2.070000000000000000e+02,0.000000000000000000e+00,0.000000000000000000e+00,0.000000000000000000e+00,0.000000000000000000e+00,0.000000000000000000e+00,0.000000000000000000e+00,0.000000000000000000e+00,0.000000000000000000e+00,0.000000000000000000e+00,0.000000000000000000e+00,4.190436706542968750e+02,1.420805644989013672e+01,4.263421630859375000e+02,1.451294040679931641e+01,4.145079345703125000e+02,1.889574050903320312e+01,0.000000000000000000e+00,0.000000000000000000e+00,4.093552856445312500e+02,2.367618560791015625e+01,0.000000000000000000e+00,0.000000000000000000e+00,4.210621032714843750e+02,2.594329643249511719e+01,4.264356689453125000e+02,2.600438690185546875e+01,4.200316467285156250e+02,3.448436737060546875e+01,4.267616271972656250e+02,3.653067779541015625e+01,4.199641113281250000e+02,4.352967453002929688e+01,4.283233032226562500e+02,4.676971054077148438e+01
2.080000000000000000e+02,0.000000000000000000e+00,0.000000000000000000e+00,0.000000000000000000e+00,0.000000000000000000e+00,0.000000000000000000e+00,0.000000000000000000e+00,0.000000000000000000e+00,0.000000000000000000e+00,0.000000000000000000e+00,0.000000000000000000e+00,4.183022766113281250e+02,1.380854988098144531e+01,4.254524230957031250e+02,1.405266666412353516e+01,0.000000000000000000e+00,0.000000000000000000e+00,0.000000000000000000e+00,0.000000000000000000e+00,0.000000000000000000e+00,0.000000000000000000e+00,0.000000000000000000e+00,0.000000000000000000e+00,4.197668457031250000e+02,2.545570564270019531e+01,4.250390319824218750e+02,2.571831512451171875e+01,4.187207641601562500e+02,3.379791641235351562e+01,4.248634948730468750e+02,3.519937515258789062e+01,4.185385131835937500e+02,4.319855117797851562e+01,4.269940795898437500e+02,4.362432098388671875e+01
2.090000000000000000e+02,0.000000000000000000e+00,0.000000000000000000e+00,0.000000000000000000e+00,0.000000000000000000e+00,0.000000000000000000e+00,0.000000000000000000e+00,0.000000000000000000e+00,0.000000000000000000e+00,0.000000000000000000e+00,0.000000000000000000e+00,0.000000000000000000e+00,0.000000000000000000e+00,0.000000000000000000e+00,0.000000000000000000e+00,0.000000000000000000e+00,0.000000000000000000e+00,0.000000000000000000e+00,0.000000000000000000e+00,0.000000000000000000e+00,0.000000000000000000e+00,0.000000000000000000e+00,0.000000000000000000e+00,0.000000000000000000e+00,0.000000000000000000e+00,0.000000000000000000e+00,0.000000000000000000e+00,0.000000000000000000e+00,0.000000000000000000e+00,0.000000000000000000e+00,0.000000000000000000e+00,0.000000000000000000e+00,0.000000000000000000e+00,0.000000000000000000e+00,0.000000000000000000e+00
2.100000000000000000e+02,0.000000000000000000e+00,0.000000000000000000e+00,0.000000000000000000e+00,0.000000000000000000e+00,0.000000000000000000e+00,0.000000000000000000e+00,0.000000000000000000e+00,0.000000000000000000e+00,0.000000000000000000e+00,0.000000000000000000e+00,4.155414428710937500e+02,1.375980281829833984e+01,4.230663452148437500e+02,1.494567394256591797e+01,4.106640014648437500e+02,1.793792152404785156e+01,0.000000000000000000e+00,0.000000000000000000e+00,4.054391174316406250e+02,2.245198822021484375e+01,0.000000000000000000e+00,0.000000000000000000e+00,4.173288574218750000e+02,2.522665214538574219e+01,4.225794982910156250e+02,2.521942520141601562e+01,4.169909057617187500e+02,3.483720397949218750e+01,4.210125427246093750e+02,3.464001846313476562e+01,4.183062438964843750e+02,4.371325683593750000e+01,4.250252685546875000e+02,4.275791168212890625e+01
2.110000000000000000e+02,0.000000000000000000e+00,0.000000000000000000e+00,0.000000000000000000e+00,0.000000000000000000e+00,0.000000000000000000e+00,0.000000000000000000e+00,0.000000000000000000e+00,0.000000000000000000e+00,0.000000000000000000e+00,0.000000000000000000e+00,4.138920593261718750e+02,1.198138046264648438e+01,4.135927734375000000e+02,1.241122913360595703e+01,4.096537780761718750e+02,1.674151229858398438e+01,4.088744506835937500e+02,1.741019058227539062e+01,4.048993835449218750e+02,2.120555496215820312e+01,4.037528076171875000e+02,2.204173660278320312e+01,4.168852233886718750e+02,2.451693344116210938e+01,0.000000000000000000e+00,0.000000000000000000e+00,4.159654235839843750e+02,3.394697570800781250e+01,4.191510314941406250e+02,3.280020904541015625e+01,4.184545593261718750e+02,4.398163223266601562e+01,4.229293823242187500e+02,4.170593643188476562e+01
2.120000000000000000e+02,0.000000000000000000e+00,0.000000000000000000e+00,0.000000000000000000e+00,0.000000000000000000e+00,0.000000000000000000e+00,0.000000000000000000e+00,0.000000000000000000e+00,0.000000000000000000e+00,0.000000000000000000e+00,0.000000000000000000e+00,0.000000000000000000e+00,0.000000000000000000e+00,0.000000000000000000e+00,0.000000000000000000e+00,0.000000000000000000e+00,0.000000000000000000e+00,0.000000000000000000e+00,0.000000000000000000e+00,0.000000000000000000e+00,0.000000000000000000e+00,0.000000000000000000e+00,0.000000000000000000e+00,0.000000000000000000e+00,0.000000000000000000e+00,0.000000000000000000e+00,0.000000000000000000e+00,0.000000000000000000e+00,0.000000000000000000e+00,0.000000000000000000e+00,0.000000000000000000e+00,0.000000000000000000e+00,0.000000000000000000e+00,0.000000000000000000e+00,0.000000000000000000e+00
2.130000000000000000e+02,0.000000000000000000e+00,0.000000000000000000e+00,0.000000000000000000e+00,0.000000000000000000e+00,0.000000000000000000e+00,0.000000000000000000e+00,4.110362548828125000e+02,5.149111747741699219e+00,0.000000000000000000e+00,0.000000000000000000e+00,4.110910644531250000e+02,9.504458427429199219e+00,4.179035644531250000e+02,8.574513435363769531e+00,4.068556518554687500e+02,1.443862819671630859e+01,0.000000000000000000e+00,0.000000000000000000e+00,4.023231811523437500e+02,1.812974929809570312e+01,0.000000000000000000e+00,0.000000000000000000e+00,4.132736206054687500e+02,2.167275810241699219e+01,4.186219482421875000e+02,2.093746948242187500e+01,4.142408752441406250e+02,3.040714263916015625e+01,0.000000000000000000e+00,0.000000000000000000e+00,4.170046691894531250e+02,4.063563537597656250e+01,0.000000000000000000e+00,0.000000000000000000e+00
